100 8149
52 65 14428
64 85 29876
88 80 25700
73 39 2535
82 55 7162
53 22 26471
33 49 17977
19 90 3663
32 80 8294
68 39 25781
50 5 829
93 45 14000
82 56 18900
27 95 6417
70 94 1636
98 0 8336
86 5 2968
21 64 23378
30 10 20779
24 39 29720
13 48 28934
97 34 11643
83 4 30228
56 93 18684
61 34 2187
80 66 16591
7 22 15199
73 51 19629
92 88 27916
23 54 18708
91 50 25097
4 65 5565
96 84 2430
14 40 11047
9 27 19722
64 59 20625
96 9 29382
49 12 21184
52 94 1225
53 92 12621
86 65 29650
28 14 15238
69 40 21219
63 70 22268
93 97 10231
19 80 31061
47 65 29213
24 32 3071
50 21 16269
7 85 19406
22 14 3749
38 76 4024
9 69 19145
39 14 2336
51 8 4752
70 31 21878
78 91 9946
72 57 27669
23 65 31376
84 36 25762
77 6 26950
24 55 4447
65 79 12021
77 13 17962
66 43 25989
80 41 12323
62 38 7398
98 51 11053
61 3 10462
59 63 22982
52 21 3040
78 0 14568
24 92 2177
69 44 19703
73 65 27502
29 32 9696
3 43 7654
92 65 10236
88 90 5417
14 9 5201
23 66 19812
53 64 1601
16 10 16114
18 41 21973
30 49 13077
91 19 21789
61 46 6511
43 60 1112
74 39 4584
61 5 27622
4 94 22211
4 14 7226
65 23 8454
70 96 13112
11 9 5521
14 89 966
60 59 21354
80 92 26497
44 97 27698
18 63 11218
27 36 30139
91 51 17105
53 48 4148
48 23 13751
8 42 15980
63 50 6623
57 40 22038
56 88 19060
63 11 11287
61 80 14430
81 51 1346
31 50 3868
49 55 19989
27 13 2177
9 14 15435
53 5 25224
75 98 21345
14 40 20939
76 44 24935
49 19 20538
41 74 31662
83 16 6940
61 53 23342
25 82 25742
11 41 18118
40 32 31736
40 84 3476
18 65 20008
32 80 32292
28 5 26905
86 85 22308
30 58 30873
78 93 29909
94 49 18488
24 43 2687
96 68 3155
96 23 6539
39 93 22295
45 29 8211
32 10 32718
33 65 14082
10 46 12754
93 86 7199
81 44 9723
24 2 32407
80 12 1127
65 47 25830
63 57 26088
53 34 14630
39 59 13186
73 13 1330
49 85 1972
99 83 14883
22 71 2189
35 95 5899
34 19 17078
11 49 28923
22 47 11511
77 33 21176
34 78 30952
24 50 13484
20 36 195
17 57 32246
96 48 19353
8 99 9635
83 79 6228
17 92 14199
2 44 30034
30 71 16853
44 39 28023
31 65 23197
9 17 5384
12 81 1824
27 76 4017
41 82 30584
18 74 22147
40 77 16355
20 53 24522
11 96 6908
24 0 9230
10 90 21979
2 11 8858
43 85 25478
38 61 19807
20 51 18240
23 91 30482
2 67 7569
80 86 20424
69 42 6688
4 13 31629
34 2 25780
86 96 11167
6 5 27130
71 9 11863
68 69 1247
45 30 29418
54 24 27550
10 59 21885
31 73 6102
54 23 32078
52 86 835
10 98 31191
36 19 6893
34 46 27961
42 11 18665
73 36 16724
24 84 30980
34 61 29262
77 49 5872
71 32 13444
44 18 17605
47 19 29968
35 10 32505
39 60 15210
95 44 7965
34 24 6098
4 58 16637
41 38 23939
1 93 1528
75 63 14558
97 30 8363
15 30 4369
98 56 2178
54 60 16036
8 73 25849
29 45 9329
14 43 5697
12 44 7288
48 45 9032
63 43 24983
46 54 24787
8 46 19652
59 16 23658
16 27 16619
64 89 10581
48 34 23170
18 84 4971
20 68 7827
19 45 3743
21 23 7403
14 47 19346
90 87 10155
75 78 30866
17 72 30324
14 52 13259
26 60 21985
63 54 24223
73 10 29707
76 61 11092
82 95 337
98 12 13723
5 43 18579
31 96 2982
82 80 9378
6 16 4289
85 71 24732
89 78 25510
66 24 12128
22 86 16904
85 64 2662
37 85 4108
57 86 668
57 53 1446
71 39 28184
79 73 23827
51 39 29634
42 63 1252
24 41 21052
12 66 7521
10 12 29113
35 42 15396
37 26 26750
96 16 25144
69 57 10305
65 73 4143
43 34 7846
33 63 16605
17 86 15752
34 12 7875
49 5 12242
9 80 20809
98 64 1549
8 77 5723
57 96 29175
78 68 21006
17 2 19129
4 8 8513
20 12 7065
66 20 7563
74 61 32058
60 84 12241
62 93 32201
57 61 23634
27 54 30371
76 6 11791
49 20 28255
94 1 8409
34 42 7233
99 53 28780
90 45 24185
47 22 22624
80 43 1727
0 7 25556
57 0 22835
46 30 15649
91 36 1917
24 32 19707
97 65 26279
48 82 13758
2 29 10284
63 85 8936
52 53 3879
16 15 19942
38 0 174
90 39 20673
42 51 31417
47 27 13386
3 67 32556
83 56 27352
92 32 26835
24 28 27071
39 96 32375
29 41 8950
63 3 31831
93 98 3507
87 18 18083
22 25 2022
42 93 6097
16 9 29652
0 69 21473
19 21 23621
45 91 17903
20 33 28415
29 40 32669
71 53 4232
95 44 27200
45 89 32102
14 21 26584
86 49 11342
94 25 13872
79 51 16901
3 88 12487
84 20 13030
17 26 7747
26 34 30534
57 8 31915
41 6 20259
1 34 19345
26 16 18162
0 39 13810
28 24 21087
64 14 17794
38 77 13146
95 45 1934
3 13 21197
27 51 20426
41 56 32198
40 79 8085
36 30 29955
86 31 14502
17 57 13853
95 60 6170
52 17 11463
1 77 4951
42 34 2409
48 78 29787
94 80 20864
94 79 23501
47 58 16508
15 25 4161
78 63 25331
34 86 29694
8 54 31337
29 10 4112
9 95 9744
62 99 1123
53 6 11889
68 5 21835
6 34 12953
53 7 7279
47 42 13725
42 96 23637
84 46 397
15 22 15618
24 93 4408
71 28 7521
16 11 17478
12 96 30841
22 75 6546
29 5 28313
17 78 6611
76 82 8696
84 99 4338
67 43 21388
51 21 16023
90 81 6135
62 25 22235
7 19 26077
59 32 4643
23 30 30218
33 29 14211
40 98 17193
62 48 3919
61 52 14837
29 5 5009
74 92 11320
84 10 4766
75 74 10223
34 40 23573
36 11 16743
95 42 2771
3 60 31285
98 71 7884
95 65 2132
85 64 28623
58 55 10194
77 63 7828
16 9 9931
22 48 7085
50 31 20141
20 15 13357
24 50 32497
54 30 25120
75 9 3283
47 95 29489
53 41 6318
22 72 523
2 86 21765
69 1 20309
49 31 1119
44 63 19809
74 67 2692
30 48 15841
22 88 8892
4 67 9023
28 41 28699
83 51 3949
13 47 32263
49 34 6215
13 7 13934
96 67 32221
83 2 8309
85 27 26943
32 62 13697
43 96 10910
79 50 5089
41 95 5097
35 53 7563
23 32 2338
94 95 30382
95 36 27682
86 4 7672
28 81 13780
13 88 21349
92 7 18409
11 0 7153
64 12 528
47 39 1885
20 96 21706
28 9 4970
77 58 20233
75 51 23294
31 73 27959
60 19 6868
98 53 4002
49 12 27262
85 18 14214
35 14 32477
51 79 12588
75 49 1884
72 54 30422
56 59 18833
40 85 11122
74 14 5909
20 68 23876
87 51 10158
1 92 8202
35 66 22049
29 16 19278
32 49 18503
60 66 5338
41 89 15156
98 75 31964
39 63 11497
82 8 19501
7 86 11024
68 64 3640
32 23 22054
15 46 8274
14 58 4165
51 45 26317
23 74 2374
98 85 12922
25 51 28366
9 59 5475
82 59 11615
43 68 26833
36 51 27098
65 44 31489
96 44 22573
73 43 9493
42 77 16172
12 92 31268
32 57 8894
29 81 26226
41 61 1254
30 24 573
91 16 17243
77 68 7583
77 10 6807
3 88 13168
36 68 6328
76 56 3897
9 15 6531
56 53 5771
30 16 4703
52 49 24671
61 21 20530
37 95 9541
90 92 8793
14 4 10637
11 76 5435
80 51 7863
75 20 9247
73 87 11197
47 73 32081
25 93 25631
34 32 25791
47 48 955
89 79 16525
40 4 22995
2 56 14418
69 84 30665
59 53 23293
85 79 2178
11 66 18589
54 64 15219
74 59 13422
66 83 31410
73 24 2309
64 40 17843
90 30 23413
15 32 4726
36 23 31671
76 99 5448
32 42 8131
41 93 21358
73 77 13336
3 94 23106
19 57 14435
26 12 9952
81 2 1630
46 49 30102
35 85 18258
77 24 32544
13 88 24548
52 72 13911
54 64 5594
49 36 19883
63 35 27413
85 68 30630
42 20 31266
61 89 10100
80 25 11857
42 34 30635
14 41 28500
77 20 19653
33 1 7366
51 16 5638
41 73 4156
81 17 2764
51 95 23719
80 42 15223
95 7 14375
87 28 5224
19 74 31150
65 9 22220
95 62 26106
53 45 24112
34 51 16339
34 91 6923
18 3 15761
86 10 18884
89 16 14925
91 86 27360
55 33 17241
58 27 11352
92 57 4809
20 98 7497
96 18 11824
52 94 31869
79 78 19689
65 20 1919
28 25 27516
4 15 13105
81 2 6655
8 32 30758
1 98 12681
80 45 11305
53 63 16650
38 78 4024
73 58 15400
34 29 4446
5 29 22257
42 61 8750
24 96 3972
59 19 7637
89 76 17150
64 60 3568
24 84 23878
20 28 17330
68 8 19356
98 65 13311
63 70 26604
74 20 383
69 28 10068
41 27 32096
44 89 102
54 39 29369
58 55 19973
58 47 6603
9 21 31218
28 61 26524
20 37 1635
86 90 25492
49 81 12345
40 89 4143
58 29 27570
71 37 5337
99 93 31657
23 29 1681
99 58 26563
60 64 14828
77 52 12308
7 52 17541
17 80 23853
39 27 3331
16 34 394
30 72 20539
48 5 32208
49 83 10013
36 48 27506
91 79 11361
95 72 2439
46 37 12855
7 75 30191
54 76 22377
53 12 28972
6 81 2223
39 94 30065
9 6 26140
50 49 6609
0 5 28151
11 31 8345
12 53 1375
48 47 15419
57 26 19582
42 56 6226
33 35 28484
44 19 7330
47 7 9435
94 98 15916
43 40 8019
30 54 5799
70 67 6715
99 26 29947
24 65 21018
60 84 14741
19 81 18444
73 47 10160
48 14 7154
65 41 28892
52 92 19690
62 40 12918
56 74 8979
62 42 29898
60 39 14025
76 14 2576
35 12 18650
88 34 32651
75 87 15460
62 84 15729
52 43 20057
33 43 611
0 69 28644
93 81 11676
33 78 16415
64 13 16734
74 28 18497
14 78 7095
49 41 3967
91 59 6147
18 32 23720
29 49 17974
70 21 14484
12 99 21096
79 20 574
45 91 23155
88 56 2465
11 44 30086
19 55 442
12 22 5731
60 38 7752
81 46 31817
95 39 556
34 93 28590
65 73 10614
18 31 24414
22 15 18040
27 51 26520
46 18 11139
78 99 12348
90 91 25362
54 83 12335
74 55 5775
14 32 4979
94 75 26619
87 12 3765
64 60 32027
64 98 9780
43 39 15099
10 38 10063
71 10 9958
98 1 6945
95 65 7712
18 45 7662
99 81 10249
39 76 6742
87 15 7798
37 36 14462
49 17 22101
7 42 12471
44 83 26375
13 97 28237
56 2 14572
80 91 23163
5 69 13333
35 56 4285
13 7 19998
77 64 29945
19 0 25238
97 37 31021
88 56 17285
10 46 9137
25 8 22512
30 62 26660
31 84 31843
69 49 29853
41 91 15861
4 21 447
67 22 571
44 96 20409
12 57 20256
98 89 4956
13 58 15277
67 60 32207
45 85 12049
0 23 3719
36 55 1430
99 45 21128
16 41 2887
90 91 25892
84 35 2664
83 7 17839
49 1 28
13 69 13021
1 27 29638
74 81 1991
66 95 32261
10 18 24526
12 24 21091
26 11 24016
9 81 11017
21 54 10351
41 37 22555
24 34 20565
1 68 31874
62 15 14017
86 34 16466
92 25 31162
93 88 1299
6 34 14523
31 41 652
51 68 32707
54 0 13033
24 33 8182
96 7 11085
54 60 1126
58 36 31285
64 40 30360
43 97 30515
9 69 6613
53 8 10217
88 16 30077
1 91 3153
88 0 1478
37 64 22705
58 21 18348
82 49 28109
92 17 24582
17 65 20532
21 36 9976
39 81 1468
9 42 22589
25 73 11403
39 89 15861
29 25 24893
27 42 12034
86 70 12801
67 10 31517
51 10 31443
32 19 11809
48 86 11021
71 51 16706
25 88 12039
53 19 11307
48 84 6284
65 51 8502
78 79 14142
27 21 26430
3 43 11843
6 12 2233
5 53 18135
36 14 17174
19 67 22420
74 82 4770
84 13 9864
40 39 13908
33 20 16510
98 66 25681
17 0 27130
9 40 29454
34 31 7898
22 85 17492
75 11 7074
11 23 5782
79 80 14291
71 59 22103
68 16 31457
16 89 27790
51 10 23974
85 94 10320
47 60 10335
8 45 4395
83 90 24987
92 1 31979
75 25 23716
7 24 32457
64 95 13891
88 41 32563
29 15 1271
51 15 21167
2 88 15859
34 58 19330
71 65 25211
4 87 21795
65 31 384
89 82 31146
89 37 1926
61 1 4273
36 33 19259
66 52 5220
9 76 20292
57 29 1207
23 18 25135
66 86 10744
6 56 11149
47 5 16180
98 95 24985
13 15 25133
98 30 25858
6 73 27090
64 93 26792
87 99 17779
0 44 10605
12 10 5680
25 23 7797
73 48 8526
31 10 1114
20 66 21876
74 59 17989
95 19 13830
87 67 7665
29 11 26385
91 38 24573
0 26 6540
71 35 23574
89 72 2772
44 90 4325
1 52 31662
13 47 16835
11 54 16949
35 20 20640
38 58 14206
86 33 10404
57 71 3291
89 81 5739
97 79 24062
62 8 12532
41 32 27759
26 25 661
41 74 9744
83 18 918
33 61 15270
95 90 16446
39 70 28061
11 33 17014
37 6 9352
86 30 6996
30 87 14340
99 96 17186
20 39 16902
87 3 1737
8 80 21957
6 27 28579
34 59 14523
22 46 3865
67 70 8558
35 60 27041
52 21 21249
39 99 29947
38 46 32196
62 2 19382
16 55 27703
98 20 27750
1 60 309
68 18 9490
76 96 14160
39 85 15302
23 51 31357
45 69 2895
50 72 11423
56 34 14207
74 52 14999
11 94 24214
18 29 10977
41 9 21922
99 71 20455
57 45 7154
77 21 6027
60 42 21998
91 47 7844
45 98 23027
56 6 2645
71 56 14857
53 69 650
36 70 19334
76 44 20486
61 18 2559
12 99 26048
45 99 25875
8 34 20609
67 86 8442
92 3 30982
82 7 32728
74 18 9232
40 21 32323
57 39 31011
99 80 6021
74 39 25583
39 60 22137
12 70 11662
97 82 32280
68 17 540
64 74 24847
9 96 3163
94 60 8697
3 93 13405
69 62 7691
56 45 12135
52 6 16984
35 99 16017
52 43 4092
91 20 1734
91 94 11718
59 6 10298
61 85 9788
76 14 29804
79 82 26386
69 67 10570
59 81 21351
55 32 15643
7 42 19557
94 11 23086
76 16 3099
46 41 31372
23 15 7329
21 17 29464
61 36 10736
80 67 31456
12 23 30453
96 8 9872
93 8 28346
27 58 14664
37 38 12484
62 15 25405
73 78 9213
58 50 23539
32 21 7608
83 77 2288
9 98 4785
26 85 25399
54 89 9761
44 40 23793
21 69 20279
83 97 30211
83 18 18322
53 21 18829
94 26 5530
54 58 30596
70 57 23486
61 22 13535
46 48 12809
96 78 21014
52 67 16783
97 0 31454
45 52 12692
50 93 9068
15 83 17544
91 46 22183
10 28 22310
95 55 13827
97 19 24156
37 54 18187
70 1 4290
94 44 29635
89 6 11982
29 38 14939
24 5 26882
41 63 15863
21 4 17866
39 46 3443
93 1 12492
21 35 22127
57 9 7108
78 68 10756
5 45 23893
27 70 17906
56 71 21584
42 38 20518
37 20 22107
26 25 27625
21 36 9987
2 95 22301
70 17 12445
11 84 9033
3 87 2696
89 49 29034
23 98 4255
10 32 4788
22 61 22062
59 4 83
13 99 8634
76 12 11771
59 47 29581
35 96 20302
45 58 963
83 0 24517
66 40 14175
86 62 3036
95 64 32058
79 11 6810
35 40 28041
38 30 19582
89 24 29312
18 85 24903
0 82 26044
67 70 2060
46 48 8563
96 59 30106
13 64 21923
49 56 19223
73 31 20662
56 43 27484
39 40 10318
29 15 26497
10 44 6720
60 44 23438
74 25 26334
18 57 31321
27 78 7463
25 8 13288
46 1 9842
35 5 25595
28 5 8877
70 67 24206
73 33 10064
50 46 3688
18 88 650
5 38 15893
9 90 4439
11 18 7650
13 16 21116
41 96 14773
32 82 31140
66 84 26572
24 49 11532
74 31 21967
64 34 7554
41 91 19391
36 62 7075
63 79 5281
0 5 32407
90 81 19184
68 74 28620
11 23 6983
97 61 19532
88 55 31168
63 96 6090
82 28 22260
92 45 18045
40 37 10148
14 43 14940
85 90 7794
21 20 1377
5 56 22839
96 67 9679
40 85 3031
43 60 21179
35 31 28829
36 50 24133
90 81 2697
73 1 65
57 83 8218
6 67 22340
90 97 21875
76 59 26444
82 91 754
65 27 9346
60 4 24968
23 21 32193
22 3 30850
31 29 11758
94 76 28793
48 32 11327
37 7 7583
18 32 13057
25 23 18354
52 68 20873
63 59 46
34 3 10566
92 0 18329
37 13 7989
21 92 26883
71 88 16935
87 0 24329
85 69 15253
99 90 22527
25 28 9210
26 29 5900
18 28 21733
39 53 3684
13 99 8779
35 13 13017
4 37 4534
29 56 17275
42 51 362
70 66 8205
75 51 2714
47 77 24424
8 10 4408
80 33 13100
71 95 14608
63 21 22604
68 16 11053
42 65 27738
0 20 1970
74 27 3484
77 89 24493
87 21 16469
90 39 28572
68 91 15808
5 67 24204
31 45 8629
64 4 20254
43 24 29167
15 43 26334
78 73 18023
91 1 26021
96 67 31818
48 14 18948
97 31 25959
6 54 8423
80 29 25654
39 14 19955
88 7 26813
63 29 10061
17 3 23805
10 82 31430
52 24 20409
33 27 19365
95 47 8872
22 6 8070
21 97 15730
16 71 22024
74 18 22806
35 31 6712
26 95 28540
97 90 19976
90 13 18784
64 89 12072
0 49 6376
8 22 12829
42 81 6513
72 6 31604
5 86 23936
58 7 18513
92 43 23008
97 27 20186
51 34 26947
71 99 29738
4 43 1552
76 84 30918
21 60 24607
78 34 15831
51 82 21130
2 5 21654
8 54 8685
18 38 30366
7 82 26010
85 6 8496
8 62 7857
14 99 9861
68 85 22055
74 12 28614
52 28 14098
12 33 12095
25 98 3287
74 53 13799
63 88 25879
75 81 20569
83 44 25443
39 33 20169
85 90 10531
86 30 30885
13 84 7735
85 38 30677
86 15 30515
31 94 4325
98 5 7245
37 84 5235
86 58 8277
96 80 11195
19 33 22858
81 6 17687
33 55 29803
32 83 18127
88 22 7641
28 31 7564
71 31 6177
21 95 2370
69 78 31303
95 85 1663
47 4 19244
45 62 11091
80 87 26464
73 18 5710
60 50 6852
90 66 29519
74 93 10632
47 8 27922
73 35 15459
94 82 29630
90 18 21020
31 11 24554
42 16 3262
75 10 32433
51 98 24718
61 49 17014
28 20 14423
52 38 25663
80 19 13128
82 21 28606
9 33 31191
91 56 27697
18 40 515
24 73 27166
24 97 18862
94 67 10700
95 15 32715
12 69 20007
68 6 2895
93 68 2005
74 51 12321
82 12 4769
51 86 29047
29 94 21389
92 85 3693
69 31 28710
0 48 24757
18 24 26607
27 37 20137
23 32 7935
60 76 14646
97 22 29992
37 76 9035
37 89 1854
83 74 5077
32 50 8278
59 39 13426
74 86 16156
22 32 15970
17 97 13810
33 96 27545
76 88 32471
7 17 13149
53 82 2070
85 91 2186
30 51 31279
64 21 25846
58 1 17630
7 94 5924
80 53 25483
26 50 7359
20 1 24212
0 30 11937
32 13 7965
26 68 21496
94 58 11886
74 16 31338
41 85 15105
82 34 12100
44 26 3287
49 45 14870
63 33 16296
15 83 4941
65 39 29954
34 55 4517
99 21 2436
41 2 16277
53 85 32684
50 22 9721
69 48 6132
55 67 2975
49 83 16689
92 8 16789
27 87 32113
0 52 8766
55 42 22225
34 0 32152
0 89 23801
0 61 22332
27 17 12099
10 2 11003
3 68 8380
34 32 29486
59 71 23162
78 10 30729
24 12 22021
30 88 4502
72 23 27831
84 90 3615
96 18 23146
22 21 27961
85 33 16591
96 57 9126
21 48 17974
50 84 14018
32 93 9661
51 60 15949
39 92 16406
17 71 20888
2 76 17258
98 69 8586
22 59 9730
86 7 4859
38 44 17083
63 29 9554
32 80 14190
82 16 24421
33 74 1243
6 59 28950
61 7 11442
93 58 16927
61 74 30154
47 77 22273
4 26 26549
71 70 23330
20 18 17958
66 34 19312
3 33 10720
21 43 16175
95 63 6200
99 65 13490
52 89 31554
49 93 9777
50 15 27713
91 52 3841
63 92 12030
50 58 977
46 20 22533
19 57 8383
23 31 12541
24 52 26203
49 32 21912
72 83 15093
48 57 2257
39 42 14288
13 82 13673
51 97 16904
41 86 15847
70 75 15691
28 24 32652
70 35 31420
6 70 2288
55 83 28824
89 14 20554
39 98 22382
80 79 32400
47 36 4114
7 34 31726
56 28 16781
96 45 8008
47 0 188
79 64 1480
38 99 7002
24 29 30881
77 40 24227
52 84 13958
26 87 30176
20 44 17305
40 9 22386
51 30 23988
57 90 14133
61 49 11346
96 57 11094
18 93 2704
3 69 11506
29 5 12024
28 20 28692
48 68 18450
19 59 16166
10 52 639
87 86 24201
99 78 15148
75 74 29738
33 22 13706
95 1 4812
9 41 21438
71 55 28200
29 48 10749
62 97 20539
86 23 19275
4 2 9143
96 44 2857
33 96 17585
37 18 25851
18 54 5115
99 67 1292
19 2 23076
94 12 14444
27 2 19749
6 31 8233
56 80 6170
20 86 14740
98 59 9875
76 71 28809
2 24 10920
12 81 30265
23 36 23311
15 17 21951
78 46 23952
36 71 26431
49 71 22697
89 66 6450
21 70 21569
29 6 865
15 70 2400
54 21 30763
73 55 9369
74 15 23134
12 41 6218
33 39 17096
64 72 29492
95 72 19657
6 28 9501
76 68 913
7 58 32377
86 14 29128
48 42 22869
84 30 21462
16 51 2280
38 90 28939
31 83 15013
30 57 14920
47 64 11938
57 90 3338
79 89 26275
31 9 28630
64 43 29241
63 65 22914
67 13 9135
26 68 9930
20 72 3257
66 34 23089
93 6 29476
51 86 12323
85 53 19702
71 2 1487
55 95 4289
67 17 6964
63 69 4631
21 48 26960
33 37 2905
69 76 11133
59 36 11618
78 73 26457
0 96 25273
60 18 16585
55 91 14154
59 87 20479
71 55 22234
66 42 3464
14 93 9142
79 13 19654
72 53 21575
35 2 14190
95 72 8594
59 24 23768
50 46 10704
95 38 15947
68 28 4507
39 49 23941
9 1 29551
8 43 17709
80 6 8294
40 23 23291
25 99 26233
48 11 6579
64 2 14973
51 42 8567
36 1 19305
13 56 14153
89 71 6403
89 94 15992
41 45 10566
49 96 8563
16 74 6993
17 58 12520
74 34 8606
86 16 16573
33 66 26148
38 43 1182
9 26 21963
28 32 5085
78 94 692
86 30 12173
35 75 25929
85 93 22309
33 52 21007
2 94 14095
58 13 3759
18 57 23019
14 58 6836
16 6 4209
91 79 4333
64 47 3381
17 99 3187
58 54 2238
17 78 18631
99 58 14248
38 32 22147
53 36 16335
18 3 18065
23 72 31410
19 4 11236
99 2 658
16 47 22571
86 67 5366
29 26 20983
96 93 4250
91 12 17215
14 95 3575
70 57 5466
4 48 6375
49 30 11194
0 71 14088
70 17 16649
36 61 31222
2 37 25224
48 41 11635
93 19 29618
13 15 4364
50 37 6291
53 59 18920
60 57 28503
34 78 9406
80 84 12797
88 35 4911
88 70 2496
87 20 13741
7 23 22585
31 32 10702
22 88 15393
19 87 8028
4 1 11553
31 87 7343
0 35 19569
14 31 9647
6 72 11363
98 91 5643
34 98 31991
35 17 20674
97 12 9436
22 4 6999
81 93 19359
14 64 17731
16 54 1281
84 52 11393
51 1 30375
49 51 22094
18 19 18595
59 36 16235
17 39 18056
52 35 18826
65 67 6657
54 47 21416
97 0 18727
31 49 10628
56 51 29198
94 7 6773
20 82 27196
21 51 16970
98 58 17412
35 13 28410
90 9 5378
14 62 9291
10 62 41
67 23 6849
97 81 19231
8 67 18798
70 33 31199
38 30 8822
60 10 23765
26 58 14448
24 75 31985
80 45 5856
5 4 11881
17 94 17026
11 13 7708
76 39 9760
63 21 14036
5 75 14114
45 76 4828
23 29 26920
8 87 9128
15 81 10809
39 3 7288
73 44 10621
34 38 20036
46 35 10358
34 41 21072
3 12 6960
69 50 28218
75 6 30185
21 75 22373
5 90 18201
53 38 13568
16 13 13027
71 17 18217
96 46 8533
16 89 16086
62 21 780
7 90 25991
35 80 2051
87 4 1270
87 93 4804
58 14 24117
1 12 9786
4 76 15618
25 73 5823
56 14 7993
15 87 30541
19 92 20906
12 84 8667
50 42 6841
56 16 26178
37 6 24732
73 70 27972
86 91 31752
49 28 17807
84 78 27056
84 97 28362
83 66 7148
39 54 6934
49 67 6995
99 91 22914
27 86 16436
78 99 31843
87 50 26675
99 69 25755
35 60 29305
83 0 30500
57 72 21037
39 42 29825
74 87 31284
36 8 16872
94 48 5747
47 14 567
36 55 17920
2 68 12571
3 84 9985
63 69 23793
49 5 20528
36 0 11329
41 15 7489
28 12 8688
65 58 19092
99 20 8050
24 11 4604
54 66 1698
55 59 7559
78 51 9494
91 28 1667
4 26 20730
9 19 1596
11 58 25569
89 57 19230
60 36 6668
61 79 24649
53 49 23824
0 69 3764
38 4 14059
52 77 26227
76 54 9956
64 74 956
26 7 25542
10 45 30396
22 51 20318
90 25 18019
37 29 3393
3 20 9642
47 29 25405
34 1 28670
77 46 21521
9 46 11481
39 85 21813
82 41 945
84 39 9946
31 86 195
40 50 16752
68 43 8288
74 24 3660
80 83 6605
55 95 18762
26 47 9174
45 13 1915
23 14 15510
70 99 839
29 43 11059
18 38 2175
78 14 19835
99 78 15192
23 40 7323
53 38 2892
48 43 31598
38 91 32590
88 38 9755
69 53 15059
44 86 19959
4 79 13214
47 68 24030
64 21 7769
99 51 25226
47 32 11350
77 66 28561
40 59 24342
37 33 25867
58 86 1631
26 35 787
20 59 1041
51 79 3999
81 36 15605
15 49 18529
74 66 16442
15 39 15796
76 90 14179
59 7 21696
21 65 11976
1 56 24146
57 9 19202
52 46 15659
92 48 6612
62 27 20899
11 69 28019
85 51 6654
36 33 10038
78 57 32193
13 83 4891
67 76 24547
39 15 1951
22 43 9919
27 2 30175
93 24 14845
46 20 1015
70 86 22009
31 0 16416
19 20 20819
17 61 1273
24 38 23711
22 51 22521
44 46 4148
7 40 7437
17 43 26613
25 3 11783
2 6 26952
70 43 10168
48 79 29434
27 73 4216
65 73 4847
3 63 8660
77 58 12256
69 80 17888
57 73 14424
20 71 21377
94 90 10490
35 65 310
5 51 28787
67 44 771
77 17 431
59 93 29575
61 79 21796
20 79 20846
24 30 16466
67 36 20923
58 15 30406
68 21 23702
48 91 19011
41 14 3497
31 39 26594
36 49 21046
9 17 28230
96 70 3678
65 7 23856
30 71 24670
37 97 6434
53 84 29609
77 39 7630
45 11 12065
36 49 4221
70 92 12522
25 33 16319
87 28 20351
98 56 20470
14 43 2843
93 81 27813
97 23 19344
63 98 25732
30 50 17950
27 25 10946
57 59 17394
82 38 25102
94 2 3401
69 40 26156
23 46 18036
42 25 20298
55 31 25391
81 76 13904
82 0 18946
85 32 9178
19 0 9392
38 21 7081
56 83 31699
98 1 13476
42 25 27458
78 41 12736
53 3 18897
61 23 10865
9 22 23169
83 13 4454
94 48 22088
5 11 24264
88 80 9461
42 25 24368
61 24 16595
61 86 15116
36 30 21538
9 35 16948
18 61 28802
26 95 30164
41 50 8149
52 72 16129
72 63 19279
12 15 19082
20 32 24748
71 49 13027
9 77 1730
19 48 1863
17 11 27111
90 20 27480
25 39 32227
73 56 3308
83 65 22125
73 2 5580
93 7 14432
65 23 7556
81 60 5409
10 72 924
16 96 3839
74 46 5337
0 71 16487
24 87 32330
51 31 6469
61 17 26452
48 1 3312
17 80 10236
77 67 20582
4 14 793
76 57 23501
22 56 9275
52 88 4976
79 31 28515
60 34 15282
33 13 1256
85 35 30899
27 38 17948
22 37 25994
8 34 14209
90 44 6258
17 23 25536
41 52 60
93 24 28310
43 88 15568
8 10 26994
36 15 14267
42 17 17285
78 32 8948
47 86 27999
3 70 29523
38 12 3197
67 13 14718
53 54 30035
54 53 14130
39 21 8881
6 59 2094
90 26 6040
91 44 32053
69 87 5338
30 40 11474
17 5 24086
61 80 4340
83 67 499
27 93 6512
63 32 18344
48 56 15119
38 83 6192
19 51 32692
47 57 955
39 44 18361
83 55 29759
6 66 5532
71 50 17453
20 89 13446
17 83 23746
50 27 8033
10 76 16740
31 57 4465
6 78 5643
4 23 27303
82 76 19629
38 7 24880
21 26 18969
97 15 9960
25 95 3286
19 34 1211
64 12 16594
49 41 18205
78 80 16653
27 23 32282
99 85 25730
66 24 22703
18 23 25275
27 42 17541
28 16 10466
12 44 2652
72 12 10404
34 22 1082
75 71 31772
24 4 14116
85 13 28827
24 87 7733
13 87 24461
48 50 10324
76 56 29781
48 32 29939
82 80 30983
73 54 12959
24 69 23879
75 78 22668
93 62 4527
23 38 4188
51 5 22421
15 92 6100
61 97 6148
94 60 14913
76 75 1596
21 22 20405
58 11 4394
8 26 1123
97 43 17534
40 64 5323
34 73 1403
66 99 15213
75 19 24718
70 72 21312
68 43 13391
64 88 15904
33 42 15228
70 84 233
63 71 6922
30 15 20234
94 71 31331
51 82 32162
39 98 7014
73 66 6794
22 10 13520
44 84 15846
56 80 19714
38 68 11523
91 86 19572
93 75 7089
15 6 17963
25 48 21855
52 51 23053
62 98 27034
25 78 26602
77 19 12231
3 61 23441
26 31 9259
98 31 31053
66 3 21664
6 97 3996
89 27 23940
78 5 7673
11 36 26568
22 34 10779
85 38 16175
22 90 29680
49 82 1041
76 91 20025
98 25 15941
13 74 25759
76 26 16920
3 13 31112
38 1 22541
89 94 28978
20 72 25060
90 73 19018
20 47 11561
18 99 17433
78 63 1736
10 26 17776
72 4 25892
63 88 10104
49 13 22595
25 72 30372
67 60 20839
50 52 30920
68 82 2674
25 56 29637
18 65 10969
78 64 12875
70 9 2847
0 31 11424
22 62 30986
67 54 6506
85 2 28172
49 33 3824
96 11 5791
90 74 22353
20 1 9340
51 34 15000
92 99 32509
42 48 22471
39 6 19459
61 92 16927
93 18 20792
42 18 2642
34 22 8334
94 77 13164
93 97 13373
42 38 24971
93 61 23989
46 42 25794
29 71 2110
45 10 11453
74 32 6975
80 89 16893
59 1 4446
27 6 10180
15 58 28918
59 39 5646
75 53 1949
64 94 23844
10 46 28076
3 61 3252
67 54 14341
47 1 13928
91 63 11661
24 40 26747
42 31 8981
36 77 22205
46 23 7079
73 67 10490
31 90 17517
37 68 7119
28 47 10934
81 5 7496
25 14 28603
35 67 24802
58 84 4404
90 71 7871
83 33 28389
41 6 24627
23 58 21664
42 75 28660
82 86 19831
88 60 20112
46 58 12302
7 13 31733
66 63 32078
91 47 3381
1 10 8687
74 69 29125
5 87 16517
61 38 3561
96 67 11553
22 45 30740
36 28 1183
70 45 17753
65 87 6457
98 81 30019
56 80 6902
39 21 18356
22 87 16513
69 35 17376
39 31 27901
45 27 9468
78 66 24277
74 91 27596
53 54 32634
52 1 25287
2 5 29711
67 51 7829
75 88 30609
92 78 5250
87 10 26401
98 26 4982
11 46 17984
35 68 25005
10 58 24356
62 21 20640
95 48 1904
73 10 1501
48 0 3058
11 46 21189
68 54 26165
53 33 3687
4 21 13575
12 10 19434
79 73 3398
31 88 19791
66 87 10900
23 78 1389
1 33 24506
65 67 11634
56 5 29925
59 27 12628
61 91 30213
9 63 21490
21 3 24052
42 92 14040
99 30 6961
8 40 15074
0 87 12621
10 73 17969
26 42 18016
64 31 12594
34 3 20003
5 89 16291
3 51 19585
91 61 27612
80 40 26547
19 43 14792
67 95 18001
54 88 5199
71 35 4057
51 61 13087
92 46 26261
23 81 27
65 69 26608
25 45 15061
48 86 15509
15 10 32221
84 41 5102
55 42 7378
3 55 7899
95 53 25453
52 85 19390
53 81 23815
46 27 14892
77 0 18758
86 85 9952
5 51 3574
46 50 199
2 95 7989
2 40 32319
83 27 20097
2 4 30172
34 27 1605
49 11 82
42 47 31479
57 83 4431
48 45 7146
68 24 21365
72 12 23899
31 7 14254
79 98 8811
68 30 25225
31 94 26871
86 15 623
96 40 12948
98 93 12233
20 81 19745
63 54 21613
65 22 25244
17 69 18927
47 61 27467
26 19 30373
29 8 3668
50 59 16263
11 71 31824
70 89 14636
5 38 11409
7 84 11409
80 29 28925
25 38 21620
59 29 24026
44 1 15966
7 66 23006
4 49 1727
90 6 8277
98 2 18851
45 10 25163
58 9 10722
49 53 21743
50 61 20194
14 29 10929
86 24 15679
76 29 458
85 54 2298
75 74 3620
78 85 8188
75 31 32235
91 69 25099
34 82 7973
31 30 30600
92 33 29219
97 16 27279
29 1 26544
45 49 32335
8 58 7958
98 57 18490
28 73 9190
44 12 8429
12 82 24178
63 37 9702
60 63 24962
87 83 20503
51 61 1034
22 25 6268
31 16 14648
37 8 9067
39 69 13779
31 73 3964
24 38 20501
38 47 1672
8 87 838
17 49 5236
21 14 21181
79 32 6852
29 31 27
3 1 18730
7 0 14030
19 13 8833
22 23 840
21 82 4873
64 98 13940
85 29 18354
78 75 17980
58 79 8145
28 77 25165
34 55 2472
47 83 24664
28 91 12153
72 40 25982
49 96 24097
23 17 23214
52 97 20328
53 6 22549
59 78 20882
88 57 22525
26 57 29396
16 7 15265
53 10 12979
62 78 3307
23 25 5241
15 46 32272
76 84 5451
8 55 1156
98 11 19838
35 14 7880
83 41 14397
81 54 27890
32 1 3492
70 77 21000
13 44 6867
96 4 26750
12 93 24752
7 65 15999
7 71 19785
94 74 7878
94 31 27929
88 45 12589
69 24 18588
66 63 2624
75 43 6133
16 66 25465
11 4 22932
34 27 15855
69 0 31264
25 47 12179
89 12 27407
13 34 8035
55 89 4782
47 22 20236
60 75 15248
12 3 20726
26 38 25235
46 37 32691
5 39 18951
1 70 18500
61 95 23953
13 80 10930
41 10 1505
65 60 19690
31 19 23649
20 72 27112
35 22 3667
85 23 23427
88 40 31780
43 80 1928
45 36 3298
52 23 10464
22 86 5899
96 5 21490
86 26 30518
23 99 16774
84 94 16965
94 83 28112
58 28 17439
78 58 365
30 71 32040
30 58 22644
78 89 24552
85 92 24565
23 78 32163
35 67 31857
14 50 27611
25 80 19500
84 18 17891
85 40 28279
41 2 5396
88 13 5438
70 14 28484
54 30 6259
72 51 3721
98 80 6972
42 55 22138
11 45 8423
90 76 31321
39 43 17425
71 1 5375
65 43 11398
58 39 20053
18 55 28864
0 13 29630
76 93 22035
17 65 32716
58 46 28386
75 55 17153
99 91 30842
6 64 666
18 33 8799
49 57 17304
34 59 10031
32 65 26483
9 24 25452
59 84 3402
84 72 28871
55 19 9579
1 18 19653
69 25 7808
80 31 18388
34 63 23241
49 50 30250
1 43 303
77 6 11780
52 16 4365
60 19 22302
42 92 12549
49 36 32124
84 93 20543
87 80 19934
94 14 11992
19 52 27762
66 4 3449
25 48 1696
81 59 27979
27 57 9993
35 6 16567
27 16 16141
15 38 705
83 77 7024
56 53 11741
51 33 8703
97 44 19590
72 10 21565
26 89 11529
41 73 14207
2 62 28475
17 66 32006
44 78 32282
38 24 9465
48 0 24706
46 62 27969
42 29 29568
47 99 14785
9 31 26090
64 81 21853
41 61 69
26 79 970
35 63 13597
41 96 27168
28 48 30043
76 71 26788
68 19 8519
78 65 10819
37 31 31272
75 9 32438
13 25 457
23 85 6731
79 35 3151
65 2 8893
14 21 15902
87 95 4778
27 37 4800
37 88 1413
41 8 11020
91 50 31765
72 67 20482
84 35 11749
38 68 9487
24 69 5671
28 63 16318
71 10 11008
15 67 5122
45 29 9271
88 31 11151
95 0 29369
27 50 17422
82 19 7285
20 54 777
77 6 10358
17 83 16343
98 54 13643
3 79 17159
67 71 18458
51 89 6117
7 35 27890
96 24 30776
96 22 28988
4 58 17232
7 16 26450
25 65 10476
92 55 20139
94 77 1455
41 59 15903
95 5 12826
3 21 22055
42 38 1601
9 0 7984
19 28 25525
90 59 23640
94 92 1117
44 64 21794
72 82 26672
62 92 14610
28 97 21782
44 75 5677
69 95 17231
52 43 30667
0 11 5682
91 83 13637
56 68 29744
89 11 20572
16 81 16973
14 50 4468
91 9 1689
39 92 25591
45 59 4681
24 42 24438
86 95 8066
55 35 31337
25 55 22520
35 64 10646
54 96 20709
13 76 15248
88 17 15884
67 10 8648
53 50 16581
42 32 8478
24 6 6462
53 56 8710
50 29 28540
96 47 7311
9 83 14013
9 65 30446
63 51 10568
75 23 11623
72 11 21465
16 53 20636
48 0 28440
63 10 25520
49 55 10991
11 62 30149
37 17 25235
69 75 2739
51 4 16790
84 72 5396
11 54 361
50 95 30709
95 34 25611
75 94 20680
36 33 15326
45 37 14964
74 28 31194
36 87 24718
81 25 12947
76 51 9763
76 79 8142
79 20 26012
48 38 10135
45 86 30626
39 31 13082
23 58 19726
90 44 28333
86 90 3137
72 32 14791
43 10 23684
73 95 26846
40 58 27191
90 49 21600
7 95 17659
61 18 22338
19 29 5407
77 85 9436
14 41 22508
36 55 4362
25 85 27315
39 13 22219
44 16 15010
56 22 26833
8 95 971
25 50 13508
26 63 13280
60 96 19748
30 84 21911
13 72 30477
40 90 28595
95 30 28750
84 58 3867
77 3 14220
47 84 21907
80 15 873
5 54 28395
66 50 14061
59 26 19649
25 78 20641
28 29 3368
11 21 24340
59 32 2779
94 76 16586
50 53 21947
60 57 11973
74 77 18627
45 80 16129
86 83 18495
78 77 8400
30 54 19712
44 17 27698
93 39 4356
52 35 21974
22 27 10981
9 52 10907
28 49 32607
6 11 7071
12 17 3097
53 35 24037
34 5 19995
96 14 31192
20 4 9914
89 2 350
56 54 7397
62 78 25398
64 99 21002
91 90 18641
41 42 18715
14 19 26609
23 94 853
88 96 932
26 59 18901
34 15 4227
63 88 3107
67 83 7732
73 81 23348
10 55 23713
55 84 1438
33 20 23917
87 10 1258
1 74 8826
37 40 5445
54 64 12460
60 85 18442
48 2 18990
45 95 30418
3 29 13784
50 83 17
3 96 8593
3 88 30568
81 41 19390
53 98 17203
95 35 17440
75 42 19968
64 87 20141
62 87 19946
24 13 21315
14 30 32021
92 60 23378
25 13 17852
24 65 31429
26 77 10638
25 22 13269
64 38 24396
20 44 32144
59 79 4843
81 74 9011
13 42 13219
54 2 18093
92 41 6323
58 0 31454
88 91 20671
59 60 14970
64 38 31004
28 50 1682
13 40 20828
74 4 17452
82 61 13563
16 73 4729
2 57 2050
72 8 23432
22 68 17647
58 56 24450
72 2 2383
74 26 32477
89 68 3016
45 13 8702
75 5 8581
60 23 23876
83 96 12861
49 33 26236
84 46 342
96 22 11547
23 12 22478
96 74 30949
44 77 11758
63 56 27326
71 54 10368
79 14 21809
3 65 10290
27 24 7502
7 9 30788
61 60 21799
66 78 29255
70 37 1742
31 4 18181
32 69 31148
88 44 3089
10 60 14677
73 21 15016
52 14 29679
27 43 27914
93 84 11954
86 97 9110
21 73 13360
49 41 11592
23 29 29548
39 27 1911
15 96 6115
90 6 14039
15 12 16915
6 71 20529
74 66 17702
67 13 12629
39 35 31178
77 11 23331
33 0 24420
52 32 974
18 80 27433
45 58 13490
63 30 24358
74 65 14557
23 39 19289
82 80 9670
77 18 10886
71 22 10008
88 94 16488
53 7 5646
56 33 14401
12 66 28643
87 50 2509
63 31 19894
59 62 21193
76 89 6806
4 74 24017
66 67 12219
50 23 16199
42 22 26648
38 78 22383
32 66 29630
36 91 13593
33 60 2258
47 81 22119
82 46 21255
56 29 11662
49 3 979
69 67 11684
44 85 29911
36 35 2016
38 2 15167
18 62 15312
7 81 9715
46 19 15729
26 11 14844
83 3 18996
61 84 10093
86 96 8777
54 28 13983
41 24 17144
69 72 28544
5 12 16017
60 12 5947
0 14 18130
10 22 25698
86 91 14277
28 64 4538
24 18 17854
67 48 22270
4 0 10018
52 79 24314
51 19 10271
1 14 19882
61 10 14921
24 98 4393
51 77 27478
19 96 20123
55 6 21865
16 30 6234
45 78 24754
6 44 19714
46 27 24908
58 73 5952
85 76 3484
15 37 5220
16 59 18596
74 25 15403
40 99 6402
37 52 20026
2 70 12438
72 38 23106
95 72 29187
39 2 32201
39 71 14471
8 11 16129
5 30 7132
27 25 3650
39 70 19750
59 61 32757
2 97 19218
21 78 20252
12 24 23225
85 80 15543
21 40 16353
2 59 31409
8 77 27308
63 78 4390
83 33 2531
40 29 8983
39 98 30806
77 64 13288
14 35 8452
26 68 8513
39 50 2317
51 14 32034
81 7 32677
75 22 25173
6 84 21357
48 55 20854
73 39 10766
4 1 12111
26 69 485
19 53 11581
67 79 20249
65 3 19158
11 59 23682
98 90 19462
87 69 28187
48 16 349
93 80 26110
75 56 10318
37 9 11798
80 31 1917
65 36 14347
41 97 20352
82 65 21021
12 81 17042
61 34 10972
40 15 17966
2 29 30470
41 93 22419
42 64 5108
16 6 30865
48 30 1622
9 75 7222
77 94 10291
60 1 29502
78 67 2665
48 72 17988
68 27 19741
77 10 24618
37 52 20448
3 54 30009
79 87 25965
64 81 992
95 10 79
67 25 29215
34 76 25817
29 53 14080
11 3 8743
95 1 16812
77 82 14118
68 45 6139
21 27 10720
6 1 25753
14 22 18031
58 4 28940
8 15 2155
27 55 25156
42 33 11442
51 59 3705
92 53 25302
30 77 31112
63 15 23707
77 99 267
72 35 24384
71 20 5084
16 69 19860
26 83 2251
59 68 13056
32 44 22186
22 6 30476
22 87 9214
77 41 24080
48 83 28401
22 78 9990
40 73 32354
41 9 16319
37 94 29469
59 19 32741
89 18 15529
25 39 28822
46 84 30502
70 45 10615
65 97 24629
70 2 3466
98 28 12007
79 59 319
49 20 16149
85 41 24675
7 90 15040
58 63 22022
61 68 19520
1 41 4460
55 45 31342
34 23 31395
84 11 11280
86 28 20059
52 56 553
29 1 15369
25 79 20737
9 7 4738
98 65 3582
60 92 1682
91 1 7338
85 42 31799
37 30 3951
73 35 18058
6 85 16634
2 71 23424
79 16 17903
66 79 27544
95 91 17049
85 14 17039
99 40 32575
82 55 6147
84 32 32739
3 96 22202
31 53 5784
81 17 22022
94 74 30164
66 97 17654
33 54 16559
30 66 26041
0 12 23263
5 41 12220
96 52 2659
12 59 7254
1 42 19006
20 63 1301
75 48 27242
28 9 25367
40 60 22024
22 45 19129
7 85 9478
43 88 3557
65 89 9708
0 26 28074
99 26 30672
23 14 29666
98 73 13738
34 63 29719
56 27 27516
7 80 24292
18 10 25347
68 4 5501
40 22 6382
61 4 21297
46 21 11484
16 17 8443
95 55 11646
75 5 11131
18 31 4019
99 75 19956
80 11 14983
17 80 17693
95 66 11079
74 53 21226
87 18 7221
85 14 14487
11 52 7554
95 45 24217
2 16 910
7 66 23111
88 54 16041
24 38 20307
58 37 28609
14 68 32617
29 47 10951
16 94 17563
56 60 8879
51 87 17233
45 74 17494
16 8 26371
44 0 23735
13 51 18663
13 54 7215
84 21 586
41 9 27590
40 74 13410
49 17 27316
46 51 19888
69 90 22941
90 17 22856
71 95 1594
10 77 32412
30 15 17764
15 42 22693
80 56 700
67 12 369
86 1 13423
40 0 11146
46 28 26301
93 6 29869
75 11 26191
4 9 21960
53 61 8574
96 42 16963
46 60 30748
97 86 15597
68 51 11873
93 91 29497
53 19 25344
49 36 24447
55 83 4507
18 16 6532
30 7 8711
39 10 26744
91 84 6688
63 64 27682
39 99 2853
44 71 23297
73 42 5323
82 90 29049
76 60 10120
40 26 21105
63 36 23756
50 79 21487
3 84 5919
16 52 4743
80 14 30039
93 63 15561
6 65 19306
69 93 25575
55 70 6282
83 73 20808
13 19 9603
84 38 30930
98 11 26525
71 62 11777
38 59 17260
28 33 22058
87 30 10320
94 33 31869
85 61 2203
74 97 31908
67 23 15250
37 40 32529
11 59 11715
84 44 20046
85 37 14701
69 77 12030
43 30 25572
60 79 27716
42 61 24121
60 99 18635
87 64 22165
22 89 2222
3 1 13568
60 63 25314
72 44 6544
43 83 26877
19 55 4102
30 41 32765
39 38 19739
94 22 16762
47 2 24127
7 3 30524
31 51 19254
85 93 23044
37 17 22355
25 62 20742
24 12 6995
94 34 4415
47 9 21963
86 0 6112
76 81 6611
40 82 12767
77 43 25472
50 90 16128
80 58 7062
59 78 2244
27 93 26602
58 87 5745
51 73 14248
53 44 23758
7 93 20021
29 74 28292
85 47 2545
27 79 22571
35 6 31567
11 92 8029
78 52 22005
78 40 32372
68 56 10477
50 14 32433
14 71 27650
47 70 4359
67 43 8160
37 96 18879
15 80 19355
14 43 32166
59 29 23962
30 72 31827
33 67 11946
69 36 403
49 23 24277
67 82 18190
95 53 7860
28 71 498
82 52 9520
39 5 9698
53 23 942
29 42 29309
17 70 25505
58 32 30946
34 68 30619
26 92 32636
63 46 30705
81 87 6520
7 91 18245
23 89 5295
14 96 13710
75 49 23539
64 33 22657
57 48 25847
49 52 9828
77 88 2128
32 66 31914
93 73 1856
5 80 3575
46 67 22087
62 55 27479
75 32 21681
81 80 2756
15 12 14488
58 42 24926
64 53 29718
18 43 29145
73 78 919
35 0 8206
97 2 16012
5 32 16563
31 44 15093
83 39 18599
5 95 26991
77 8 16727
93 15 4816
59 98 20509
65 44 8576
95 4 15539
21 53 28670
80 69 1806
78 68 858
30 13 22326
86 51 29589
35 76 29184
72 80 7447
23 43 29613
15 1 23998
7 97 28127
57 86 25917
83 43 14432
69 75 21434
33 93 23733
80 23 21230
76 73 4717
12 42 21812
7 59 22187
66 28 847
41 88 21348
26 87 27849
54 34 6975
73 84 6200
7 98 28445
84 81 21569
10 70 6855
66 89 3467
9 66 29750
94 75 31034
99 17 15833
41 24 3990
76 9 7609
50 26 24423
86 87 8566
83 3 18528
48 56 1476
91 69 4948
20 82 1250
43 12 27293
85 76 3255
58 37 7996
55 66 2199
61 98 14231
85 5 13286
91 5 2793
86 12 525
76 42 14512
3 21 23937
84 39 11728
77 55 8904
18 58 12568
14 55 7618
71 41 12140
41 55 16035
83 65 17354
51 46 2393
93 5 20953
25 40 15707
51 24 2508
89 39 11540
9 73 25269
2 22 862
92 87 5286
82 20 6866
62 82 28211
91 33 24021
11 35 19151
12 49 24865
31 24 10684
35 55 1530
38 42 22791
87 65 9005
21 46 22700
51 35 14463
88 99 13537
38 0 11975
29 5 17881
9 44 30807
38 3 14582
6 79 20416
41 52 12944
31 50 23050
16 8 24273
88 66 11693
71 76 28009
23 92 20984
63 21 1782
26 95 17059
6 59 7287
63 97 29115
15 76 20528
21 64 13876
43 12 29875
96 48 8124
33 65 2590
46 47 22697
52 98 2726
98 20 9492
1 39 3839
89 62 14976
7 46 10325
83 6 11685
74 68 4285
15 46 7208
21 89 21617
10 57 5751
11 90 9528
94 67 12795
72 98 30399
6 59 9815
61 32 7636
15 93 30844
14 60 17860
92 56 3245
24 25 30277
51 70 5329
58 10 27060
81 48 17054
3 56 26264
91 72 32131
52 91 157
72 41 10850
54 71 25733
94 68 26483
29 76 28623
67 79 2278
47 14 8180
27 76 13087
49 56 11918
80 19 13733
61 15 18124
63 57 22038
36 31 30202
90 89 7363
55 74 7171
27 5 31929
35 38 573
12 36 28522
57 68 11746
82 35 24627
18 35 20726
13 23 7785
71 54 14232
50 75 3259
85 15 2278
17 14 31498
91 44 31233
28 80 5127
0 95 30424
55 99 6707
80 47 6071
57 11 26643
71 36 19413
40 66 21951
38 18 16473
26 62 23059
83 41 2184
55 70 2078
64 60 14107
99 49 31157
81 42 16879
45 85 24107
16 1 142
63 33 20634
40 26 11075
8 46 23372
38 32 17328
56 14 13847
89 21 4392
95 89 27600
24 85 10807
61 33 14120
61 9 12824
24 51 8580
17 39 19481
16 54 20148
43 62 8204
65 0 30359
55 75 29278
17 6 27143
71 11 5997
27 5 12975
74 58 15658
39 8 30092
23 66 30521
9 45 20043
30 63 30981
2 66 28106
72 14 18041
4 2 28763
76 73 12140
32 31 12449
15 56 29409
39 0 25117
93 52 16029
29 71 2757
49 80 13512
85 86 5434
62 82 24101
54 38 21572
49 83 4976
45 76 6179
17 22 13208
44 64 26639
15 88 17865
53 81 9897
90 8 8948
96 85 11068
28 33 29998
97 16 15066
56 76 27605
39 37 7460
5 13 24907
53 71 489
93 20 30053
92 62 1055
98 65 11232
26 17 19430
80 11 122
58 1 29841
71 35 10878
15 86 15596
96 59 2029
25 4 30517
49 93 27777
18 68 31624
52 44 27452
9 73 23208
73 82 12621
77 86 2155
52 3 16227
71 97 31800
83 73 19148
41 11 11091
32 97 25078
40 89 5101
10 83 10279
99 83 8502
87 81 10883
40 5 20440
90 74 1219
34 58 30640
49 19 22054
27 50 19099
22 10 30590
25 59 16814
28 2 2412
30 66 10553
0 51 24106
73 30 4443
31 19 1133
36 97 27678
90 88 24905
77 86 25418
45 56 25892
99 15 16241
58 7 3083
76 95 26341
73 76 5137
70 55 22169
16 88 13444
47 51 20501
34 40 14097
20 82 7949
99 42 12338
96 24 7730
22 66 18044
10 33 22111
86 44 4269
22 99 1069
50 16 8320
55 28 20363
40 29 25776
55 69 24059
4 95 14013
67 88 29564
10 27 14664
63 14 24388
83 56 12832
91 66 18655
23 37 22362
58 74 26444
70 55 10500
84 16 3883
77 15 31066
83 48 9761
12 99 17286
98 68 14576
98 5 30025
86 99 32517
79 13 27175
26 19 20831
22 75 5871
87 95 21533
49 85 23208
18 4 6426
52 95 9817
37 40 10075
35 58 16162
65 10 26173
98 43 22165
50 89 15528
75 36 9060
87 2 5036
85 81 6317
76 0 10581
63 51 25745
14 4 2974
76 73 3809
8 64 31940
14 82 30456
13 56 14698
32 35 7207
64 0 28241
8 57 7734
68 60 28304
4 76 19431
59 39 15494
93 3 29578
97 5 1802
2 69 3571
8 83 10623
91 31 22135
78 18 22740
66 49 708
51 2 16538
71 10 9120
23 63 15032
18 19 21499
39 46 20835
11 97 19935
33 2 11871
70 21 21782
3 28 19390
30 10 13734
79 99 31124
81 71 26737
28 0 26966
28 64 23194
5 91 15067
64 63 25728
91 87 20548
90 23 17261
74 82 17713
42 75 30027
57 97 6915
45 35 14332
14 0 20260
76 96 13866
91 80 29075
96 25 10665
76 24 16663
18 30 32705
9 44 8171
87 38 26105
5 14 11982
57 96 9789
17 9 21925
57 62 28528
98 56 18496
86 18 9167
87 95 31460
47 34 6315
67 39 19868
92 89 27496
65 9 18056
23 7 21316
79 48 7570
22 3 5389
20 4 9054
39 90 6698
79 17 29551
45 47 15974
72 82 11749
69 59 4417
18 94 11250
7 41 4707
84 17 22240
51 37 17566
47 89 22664
38 89 15892
34 11 13965
5 46 288
19 94 31741
73 43 32006
82 42 3368
69 52 26275
45 26 12238
0 62 26164
52 0 938
57 72 27765
40 60 29925
49 77 638
33 29 22551
8 66 5320
37 13 14727
39 47 17839
44 38 23365
75 80 8030
25 69 12946
20 77 3105
65 89 25441
74 7 7810
13 9 23971
85 79 1226
30 72 4950
89 27 15291
27 35 20370
13 3 17046
99 43 22033
42 50 18127
69 5 28634
14 38 2050
35 20 13591
82 52 9469
60 83 3400
49 23 10492
83 63 22090
28 45 7285
16 82 14311
23 22 7930
1 66 11510
98 43 14363
48 27 3115
76 17 11096
10 2 10786
59 86 16253
98 56 23387
67 22 9207
28 31 30740
1 29 32529
70 85 23875
37 57 17938
48 37 3365
41 96 23730
58 45 22298
83 92 11107
62 48 8647
95 87 29788
29 58 25521
47 40 15734
17 93 21971
23 16 14631
25 35 18653
39 32 17228
93 58 4375
68 24 22145
58 73 1574
55 32 25907
15 86 27423
67 54 19888
7 61 2223
92 28 17124
72 65 9794
76 85 2950
2 24 12392
58 27 30685
48 35 2544
7 71 29285
15 71 4722
60 26 10752
68 66 10298
46 87 5238
22 36 9426
42 5 32364
90 26 23202
29 15 6693
62 0 16217
71 23 4251
40 71 548
82 17 4319
76 31 7635
87 60 18365
64 54 22147
3 67 7695
93 53 20334
58 8 9811
55 9 20696
65 77 4006
23 36 20673
49 86 27892
79 89 29518
66 8 22737
14 64 2269
74 73 32051
43 86 13446
2 51 26708
34 8 23410
2 52 31610
86 57 32730
50 6 13960
74 23 12091
19 95 18575
84 33 9701
49 86 27852
54 38 32299
76 27 6365
44 99 3030
70 62 11283
41 25 29874
12 15 31012
11 88 15690
46 87 31408
45 44 27953
17 86 6235
82 75 12390
24 63 25952
28 85 954
24 64 745
50 4 6201
70 84 8088
56 84 15883
66 58 15108
4 67 24912
94 47 12048
10 60 973
14 90 23144
94 57 13465
36 40 28303
94 36 25352
87 46 10556
73 48 7292
3 79 29689
50 51 23786
93 8 22081
59 51 10295
79 86 9621
60 0 14009
72 70 15420
99 69 10617
52 4 2723
41 85 2836
29 99 24740
43 45 26690
65 16 8989
77 96 6001
8 14 6031
85 25 26874
30 15 21196
23 19 466
33 62 30937
30 25 8399
39 10 11150
81 69 4810
54 14 4759
87 71 13395
5 44 8933
20 81 8112
97 2 1210
77 29 7252
69 59 32451
51 71 8481
3 82 29191
3 39 19710
32 40 1429
79 0 12730
67 6 29238
49 34 15151
77 44 15757
18 22 28950
99 38 29032
59 20 23578
38 29 18228
68 65 1798
4 90 10446
19 77 31519
38 54 7982
82 96 17167
77 93 7319
4 34 488
45 11 21327
71 14 5160
55 66 19225
39 0 3783
40 55 30430
89 27 21684
66 83 31043
71 35 30031
87 43 25128
13 62 9917
35 86 18498
31 28 1329
49 66 2376
71 90 23667
11 5 114
71 12 13144
27 70 30261
76 4 10468
87 57 15751
76 10 326
16 22 12812
75 2 5372
82 70 26619
48 20 16048
91 88 10654
57 5 29886
95 21 10169
62 85 344
1 41 22845
1 99 22723
44 2 15371
93 97 28459
17 15 19394
36 93 14323
98 19 25793
75 45 13979
14 11 14561
53 15 19843
94 89 18594
59 93 20797
80 0 20145
20 44 26414
31 34 1303
2 31 27813
94 47 29302
35 59 8119
26 95 21269
35 44 5505
27 15 1201
54 67 16798
95 14 27979
10 21 244
67 74 29802
32 92 20001
21 75 9100
83 64 4148
95 5 11707
40 78 25718
20 75 18302
38 17 27238
23 41 12192
89 14 1350
9 54 24195
73 72 18617
83 31 21757
77 73 28267
69 78 17639
40 55 20672
36 26 7407
93 44 2797
78 19 11851
13 71 6421
45 7 32343
78 34 13114
87 85 12113
41 22 13354
94 44 4772
5 32 14757
67 59 15496
38 7 23921
92 36 9185
24 27 32546
60 9 19098
58 82 9392
10 78 27134
64 58 3135
28 92 31667
34 46 13213
54 44 865
19 27 27236
28 53 1588
18 96 2497
79 43 29871
51 3 14670
15 24 16536
17 77 19082
26 40 15319
26 12 15560
2 51 32421
48 40 31153
51 41 16992
16 10 24236
70 98 11223
84 89 16846
61 68 15092
82 12 24857
97 31 20233
8 64 8504
41 91 13868
61 81 15606
33 9 25444
52 33 6434
39 33 31388
31 26 26790
82 21 12940
35 24 15090
89 1 27681
36 58 780
26 94 7177
99 48 12260
25 45 3690
55 68 7874
94 67 30195
18 28 5856
46 21 28356
6 48 10644
51 89 29409
55 62 21655
58 60 298
8 73 11330
91 25 14610
50 14 12772
73 18 15500
39 30 24183
97 45 5853
12 1 25696
61 59 606
65 26 19204
18 78 85
67 35 23878
93 43 7524
98 64 96
69 54 16960
37 50 31370
35 47 25532
18 12 2404
84 15 5690
99 20 30260
57 35 18475
91 35 10818
17 49 1061
96 19 12289
83 52 26284
83 86 7622
24 16 15571
54 91 11579
34 80 22582
23 53 20177
49 56 23030
45 32 27352
36 84 22988
83 17 18962
61 72 12103
6 10 24017
88 10 4810
97 70 25605
68 49 6389
97 49 15813
0 28 1646
91 65 20273
2 11 29520
94 53 30157
20 48 31909
57 59 7837
99 2 10165
41 81 22433
64 56 28183
94 63 28819
55 71 31420
77 58 27883
97 96 16244
22 86 15768
79 96 1951
7 3 747
93 53 22528
29 63 1962
80 8 5357
90 46 19531
29 81 24412
22 36 26043
57 98 11888
65 26 13636
75 49 11926
42 78 10094
27 82 12379
48 68 17905
84 98 16499
75 57 3344
35 61 12215
63 75 12018
14 31 11516
87 12 20441
61 69 27663
69 51 23621
53 78 31814
65 66 30307
55 56 13914
8 43 10848
3 50 23686
99 33 12650
12 16 31016
41 98 6546
2 24 1876
5 58 15558
5 35 19984
62 67 7066
2 41 25149
21 94 165
91 76 19544
27 29 22408
51 70 9871
98 75 28428
63 91 31974
85 7 32724
43 93 7264
10 94 22927
7 88 8038
84 7 5820
51 80 13536
40 96 15183
26 2 11452
54 77 15586
31 69 4063
82 63 13108
2 38 17068
17 5 26149
33 61 14497
63 67 10860
16 25 25799
70 48 4286
43 23 9696
8 77 25379
97 94 16024
3 51 23199
95 15 18722
63 87 27524
95 36 21263
23 45 4360
78 18 14653
88 36 12527
77 28 17709
71 24 5737
86 57 17447
72 97 12155
66 2 9712
99 70 14975
57 34 29698
42 5 31150
71 9 29569
30 93 24745
83 18 21350
41 17 5242
85 51 13723
11 51 4235
64 44 31985
35 11 25467
63 18 25406
28 70 19685
62 49 16908
75 68 8559
40 12 32148
15 4 19636
64 45 29951
25 20 8437
82 30 3107
79 3 29322
40 25 8759
37 62 20874
32 64 26164
5 63 7722
13 25 17622
89 87 17600
90 23 30082
7 23 13415
96 72 17020
71 15 12223
84 71 24103
93 68 31038
92 95 14931
27 17 9473
25 79 14274
74 0 6193
80 26 29536
41 3 585
95 29 17389
60 91 30437
76 69 30216
39 87 20196
70 94 19933
43 44 11774
91 86 7392
40 61 1572
93 86 8026
24 47 17466
67 91 10426
23 89 2584
1 36 14050
29 84 1996
1 66 9196
82 57 14992
74 18 11032
47 42 8699
48 79 8417
18 78 27728
73 2 26481
60 65 16634
9 5 8165
12 32 15506
35 0 11810
74 17 29704
40 71 10285
53 80 31938
31 14 2883
12 49 5579
72 14 24613
21 55 12916
58 16 9544
86 80 24809
87 97 12541
85 91 26537
20 98 5794
71 5 2792
61 40 16757
79 20 18242
92 19 15536
67 4 327
71 12 21480
38 48 16836
48 99 10219
85 39 9437
83 38 21398
3 34 13902
23 95 6481
83 66 8048
10 2 7478
28 46 23511
0 56 14610
56 99 12185
55 67 20156
23 0 26283
92 58 29305
42 61 1750
14 68 10854
39 42 9767
81 47 8476
80 4 5616
33 77 22796
77 28 5811
80 91 31558
34 97 25487
70 54 6056
30 64 9216
29 45 26020
62 10 18714
58 67 7203
95 79 6019
25 42 7214
5 68 12756
12 34 15714
6 97 28465
13 60 23640
23 87 14388
21 37 10896
19 77 6268
96 62 31866
32 79 15748
15 92 15789
45 30 19341
69 26 7291
36 21 22460
72 61 13655
15 60 706
66 12 23492
21 40 12704
13 29 25047
38 21 19050
97 58 16484
22 77 14615
66 71 4462
20 62 25790
50 35 15231
2 19 14286
80 74 18401
98 9 32291
80 32 30459
42 91 12813
1 84 3394
9 53 28062
95 23 22637
91 0 18987
20 76 29662
9 67 21114
75 21 30324
62 94 32660
12 81 17067
49 30 13285
77 36 26406
84 21 19232
52 78 29825
38 34 7177
32 70 11113
3 16 9263
17 91 31416
7 39 28551
28 16 2155
53 37 10021
6 48 5765
39 25 22926
42 59 28991
55 53 21584
75 51 17943
17 10 6631
27 69 23448
82 7 28697
0 91 12276
38 69 583
38 48 6341
60 97 28782
29 21 10388
15 99 11984
63 80 28400
57 60 9070
10 89 11838
55 99 17896
14 56 28306
74 66 31574
69 72 30498
74 64 19261
4 85 16441
51 7 11179
93 52 28088
14 94 21016
45 75 26238
97 41 937
82 51 14167
85 82 6881
38 20 12352
62 74 12778
59 56 8472
56 62 26611
80 73 22309
3 42 23898
59 95 3821
78 5 5537
44 50 1618
50 97 16218
11 91 18684
32 17 16776
60 78 17769
40 0 11058
31 69 17217
83 6 3350
58 91 963
38 16 11964
84 91 15203
48 3 18266
64 96 16367
45 13 10641
14 45 21392
27 74 25337
72 97 21942
31 35 19637
28 53 1143
53 1 7050
88 2 28430
58 5 13000
21 96 31562
11 41 23707
57 72 4689
54 9 4088
45 9 26766
16 57 5331
87 77 201
53 24 18282
53 15 13208
80 54 25029
18 22 31650
53 94 7865
9 75 23674
65 24 19473
57 37 15601
65 60 2479
86 27 20272
59 98 4539
87 42 28673
31 50 2626
96 21 5130
48 94 6859
42 9 13541
6 29 24785
19 92 2396
9 18 29733
30 27 31546
29 89 2207
38 40 4708
0 50 27818
79 75 16443
52 47 15503
11 74 26491
42 87 12431
41 67 31755
30 93 33
69 22 29567
67 64 32508
44 68 19005
31 82 26796
19 96 27263
84 91 3719
51 68 6186
29 25 22829
69 48 10492
55 38 16782
65 21 27326
20 84 5380
3 7 4847
76 3 30923
48 60 2549
2 0 23229
55 95 20910
20 15 5442
75 90 23608
44 55 30670
1 12 1398
19 21 6401
47 88 6091
39 90 18634
97 41 22533
98 39 14564
56 10 4947
47 27 7726
11 0 20259
73 31 6882
35 73 5659
10 61 4791
26 87 1191
66 8 26197
47 79 31961
41 39 17821
16 3 7301
38 43 24760
54 61 479
95 15 19950
47 6 27156
31 68 3748
57 84 4739
77 91 18473
74 96 20644
78 19 5384
61 35 24011
6 62 23069
75 26 11071
10 24 22184
34 68 2140
57 85 18692
39 78 18366
84 87 2520
60 45 12708
5 36 32219
35 82 16655
57 41 17017
65 17 13894
12 3 5123
14 79 17605
25 16 11315
7 36 23494
71 29 19997
16 4 4064
82 0 28915
7 38 20852
18 62 3361
26 35 11997
77 41 1959
85 86 12957
51 75 9664
61 3 19713
75 83 26424
12 42 30192
88 46 12284
8 7 7905
23 72 22984
61 65 30253
21 43 11525
76 83 13365
14 97 27693
56 82 21
50 7 8021
31 57 15582
87 32 13741
59 51 4493
21 39 28942
81 13 3380
44 48 29690
78 57 13843
71 36 17554
81 88 28052
17 58 14191
5 18 11366
81 60 2916
43 38 297
80 23 7052
8 11 16752
13 92 32574
73 47 20474
45 74 18351
33 88 3190
13 96 22898
20 71 16436
11 83 13332
68 65 30851
64 42 25733
29 89 2745
98 77 28431
12 30 18193
59 31 17417
88 96 30440
95 48 24200
51 97 30713
42 71 3770
16 3 27053
46 98 14774
78 7 17053
75 8 5852
67 20 5068
22 76 14111
14 77 3155
14 81 31955
75 4 19305
7 56 10959
26 40 2067
42 56 26627
86 33 23771
63 33 4311
51 3 27492
43 0 489
58 82 24242
49 1 16392
97 76 25731
5 43 3962
24 90 21766
26 77 16624
15 52 15829
12 99 17595
82 24 12290
96 98 1301
25 39 23182
9 68 11937
71 87 29103
2 11 31344
44 87 30882
40 94 20266
54 14 1797
85 99 14124
50 29 25580
63 99 18364
62 74 8238
40 58 14752
39 61 1692
98 60 11709
48 45 5148
51 42 30857
30 98 742
31 27 25970
22 89 6990
55 42 16268
84 81 16872
9 48 7964
0 26 28127
26 54 5098
7 5 9179
63 92 21073
40 60 4303
93 92 7556
59 68 15740
98 33 21399
26 70 24213
9 7 20498
5 16 20157
72 68 24646
55 3 5860
62 73 20639
71 52 24231
78 88 15518
90 93 444
21 51 21320
67 16 10386
21 76 16423
33 6 29108
26 16 27957
27 90 18056
64 83 27720
41 77 17142
89 47 13669
75 54 21233
94 23 19705
62 58 325
83 38 1731
15 64 13373
94 31 1335
34 95 30843
65 77 32117
16 26 29492
31 6 1040
42 79 29699
45 61 12246
44 71 20541
88 52 18645
21 29 28624
41 10 10521
32 40 14350
92 0 16846
11 77 23288
43 72 13012
27 1 4579
57 86 23522
52 3 142
72 45 5580
80 40 31230
15 40 10120
6 84 12991
92 42 24067
76 15 9310
95 38 16109
22 64 5167
36 51 28159
36 51 25538
57 23 22886
37 71 7061
35 47 27996
2 45 4320
59 73 14359
6 95 11669
7 57 24212
32 80 19938
91 41 22500
86 81 26845
66 9 26637
41 7 25121
72 47 5272
83 4 130
43 89 7267
11 9 10789
80 90 10579
41 47 16540
12 71 19958
77 67 22491
68 9 14905
43 89 6431
84 74 14775
54 25 32536
71 28 21335
53 7 19196
14 35 5422
98 7 10830
96 92 2264
66 92 4983
27 11 19407
24 6 29580
64 13 9321
84 31 20939
26 90 26712
22 95 4755
23 49 16146
50 39 13319
27 72 31790
70 58 9950
56 97 26433
31 82 4914
45 67 20155
6 48 20924
30 35 19576
50 26 13572
67 22 18528
7 83 32304
31 44 18558
61 28 21504
47 34 31441
50 12 4108
26 4 8505
47 9 4858
14 81 10132
46 27 7823
15 76 248
29 69 5606
33 10 30270
54 69 8039
88 27 3910
10 30 10286
36 74 13830
2 31 22939
32 86 2781
82 79 2306
73 11 13061
94 29 4804
2 98 20518
46 97 18736
42 79 31881
30 24 29946
48 75 10579
94 57 10290
45 63 9424
81 70 9723
28 31 27837
36 89 12407
53 11 21766
31 63 31645
60 93 1408
23 79 7925
97 71 29053
59 66 31093
33 86 16979
87 73 25070
23 33 18987
14 48 968
52 53 1708
37 82 15105
25 68 4968
24 95 29617
7 67 666
0 96 32083
63 35 1640
45 67 1338
57 50 18808
55 85 14284
29 9 28843
86 77 16526
85 38 31998
4 42 6591
75 41 20132
88 63 11985
22 52 832
6 64 24272
75 60 8627
26 16 27656
31 75 19259
61 34 6303
28 65 23762
23 1 18389
66 24 23818
48 53 2594
46 50 4579
60 67 3704
93 34 30538
78 75 7490
92 3 23100
63 88 4616
60 15 26058
56 52 20149
63 55 18032
82 66 28657
85 39 32119
1 29 11290
69 85 24927
60 37 20144
5 84 27013
4 74 23062
89 35 25006
3 46 2472
30 93 14773
84 21 28247
16 0 29322
5 26 27908
64 11 15190
94 59 1472
84 38 24211
19 18 18516
83 1 28887
93 2 17144
29 36 1583
87 47 29098
52 0 24203
91 17 24618
58 29 23399
55 19 26985
31 96 9801
75 58 11398
36 14 10905
15 14 32026
33 9 25027
45 81 582
56 95 32215
73 56 23177
19 9 32277
1 77 11971
49 80 5686
52 2 18680
46 55 23626
71 1 5036
66 18 14974
98 63 27891
19 54 31023
1 34 1156
90 62 11027
6 64 7796
95 87 10332
31 96 7265
93 94 26403
22 8 11578
66 7 11903
54 42 2019
64 85 12048
34 73 12133
50 65 18154
77 44 32625
36 94 28703
74 8 13909
75 91 24671
17 48 28090
69 71 1378
81 27 1477
89 75 7450
54 9 32363
41 2 8599
66 30 8996
20 19 5139
55 97 21578
68 53 23021
11 17 5510
8 54 30070
39 82 31856
34 2 6122
6 80 23662
89 43 2943
0 55 3069
17 57 6852
52 79 15773
43 6 25211
51 91 2766
26 17 30516
37 75 13534
9 14 6735
43 13 29307
54 83 29235
4 86 12858
48 36 26583
24 28 22948
54 85 32757
82 86 1372
79 34 20608
33 41 31357
6 3 9002
75 91 8770
52 25 31784
40 61 24727
50 94 10355
65 82 11045
22 37 14645
89 39 18928
29 78 31267
25 59 27561
40 39 3827
6 11 1853
77 84 2103
60 94 12616
40 60 31282
26 8 26486
23 92 150
90 16 32684
55 20 31879
43 95 4676
71 88 9713
22 87 9853
79 67 29953
88 9 25760
17 16 22931
92 42 22830
87 98 24584
41 91 25130
37 73 28476
59 5 27740
39 53 25405
54 98 25756
45 27 5690
4 12 9618
27 2 22101
4 77 9327
72 33 25186
44 98 16259
69 6 8389
13 57 26558
42 61 10969
84 40 31365
42 39 19633
67 5 4956
71 63 3099
92 77 30033
49 95 31510
23 29 31283
31 75 22863
56 84 18937
32 13 9526
55 41 1759
24 2 2254
69 55 11049
52 99 22340
48 71 7051
12 98 26608
72 54 32161
24 17 20560
38 57 17418
65 64 8729
37 51 10738
88 40 13173
5 41 5688
71 58 26371
33 32 8824
50 81 13888
8 57 23699
74 66 15437
32 24 22935
84 95 30818
43 35 26388
23 5 17988
50 42 9273
67 94 28825
18 15 7763
99 31 5105
99 43 17543
16 14 6875
11 34 13530
10 59 14947
22 89 6374
66 44 21444
57 32 4808
20 26 19261
58 12 11060
47 23 3393
3 34 22442
66 90 29313
58 64 7235
7 94 18557
81 34 3733
72 52 18334
27 60 10133
85 40 268
78 10 28807
53 56 7608
14 38 15193
28 56 30037
77 21 20735
55 92 24374
23 94 24742
9 31 30788
93 44 4315
76 18 16529
33 15 28662
34 47 14385
88 84 13169
93 16 22107
75 48 19941
91 82 9994
62 17 29167
69 26 23181
12 32 11306
31 62 28615
0 87 26871
28 73 11541
69 29 2773
41 86 9487
6 52 15477
19 58 23455
1 66 30154
11 53 5414
56 69 19908
71 91 15523
6 19 14974
60 6 28442
29 8 24577
32 42 27055
63 20 4591
73 28 9517
43 86 18094
91 60 9461
97 85 31465
38 83 14468
35 44 31370
86 12 30231
58 28 16502
2 91 23057
93 76 12462
28 24 2609
39 99 26789
3 27 3261
3 66 20459
85 88 8999
33 64 1919
79 53 13529
91 88 24675
31 93 8752
47 51 12870
74 81 16583
81 57 20838
73 60 31138
34 36 3824
86 83 22243
74 72 12686
31 15 4608
45 52 15331
3 5 13495
90 17 13597
19 22 28225
10 92 3057
79 33 11103
27 32 9878
79 26 7009
29 71 21142
89 70 25913
82 5 7577
11 23 14125
32 36 15472
81 9 24785
73 47 6147
68 13 6730
84 69 28670
40 58 19723
34 20 20806
69 85 29063
10 90 29340
8 1 12946
0 45 29701
70 43 21092
0 89 3518
78 83 5759
60 95 499
74 42 5858
36 72 12396
62 36 589
70 13 3564
77 30 3212
49 52 2301
67 22 7420
33 59 9300
94 98 17093
74 17 21271
49 2 16772
39 66 32175
98 19 1107
28 70 5606
75 25 15996
20 46 22401
78 43 18476
44 11 20124
53 58 11018
56 49 3944
30 74 9600
97 37 17192
49 67 32013
32 60 23671
38 77 5894
14 1 31033
60 21 19592
14 63 17108
35 92 6538
71 27 3445
81 17 28753
52 16 7572
98 46 29111
40 92 26358
12 99 24571
2 93 23253
85 50 9504
90 14 773
0 57 1792
70 75 17949
10 93 29333
81 16 21785
94 99 30002
48 90 31986
52 5 21924
70 66 30482
72 64 6243
43 90 27066
52 93 24940
66 82 9649
51 22 27475
31 61 24788
81 39 32425
31 83 17755
80 61 17881
47 78 15350
42 84 22780
66 9 27406
21 94 14933
81 74 4041
40 10 1914
32 50 9635
38 58 11349
3 25 22466
27 99 15480
58 99 838
56 25 3205
21 72 13378
17 94 2197
35 70 3889
78 57 26076
57 45 5873
50 54 32007
43 23 17328
11 57 10243
15 2 31063
30 98 14633
94 45 11344
84 18 23304
17 46 31163
99 43 12101
17 96 13417
47 52 10308
8 92 31296
45 83 11422
37 23 24015
3 97 25738
0 46 7740
40 14 28865
37 46 23508
57 68 1936
41 74 16859
49 79 24588
93 80 20096
34 95 15521
35 30 18421
15 52 7550
17 18 6675
58 29 30852
31 38 23083
55 58 6080
56 25 5819
69 86 16550
50 29 30535
6 87 21876
26 1 5266
0 4 3983
54 91 27605
39 81 3261
40 65 28634
75 36 643
52 30 4349
21 94 21006
34 53 12667
28 32 15478
25 46 28067
31 56 27191
36 14 30652
51 46 10805
91 12 5569
85 4 2988
12 97 9025
44 86 5074
86 82 25603
12 86 6936
23 43 1093
81 0 10063
74 23 27044
81 87 12065
61 24 1047
57 96 26766
64 74 12423
34 78 26492
19 14 1754
72 25 12920
22 66 11160
71 19 25396
67 23 376
13 3 13676
75 13 29029
39 9 25142
13 86 32743
36 13 7914
94 69 7415
94 2 24097
68 73 6047
92 12 22144
36 51 28918
65 13 9804
43 11 602
56 97 31732
93 71 6396
75 8 19223
26 97 23822
36 28 4786
4 52 9529
35 26 25717
29 3 18216
19 92 1655
58 36 7239
18 35 32697
83 49 24073
43 74 30014
40 61 16207
11 94 16544
57 81 20678
49 70 27242
11 37 23644
8 6 415
65 55 2074
41 15 30516
8 16 19198
47 84 32622
49 38 7855
24 94 21591
37 73 28450
92 12 23508
88 29 9613
13 5 30970
95 35 24112
34 50 948
43 75 28898
74 86 21214
80 60 614
73 44 17496
64 39 26867
67 71 3016
39 94 22644
41 1 7164
45 55 7010
84 7 2095
98 48 9047
21 56 4509
27 9 2210
46 42 2857
39 3 12922
61 58 8195
37 71 27062
86 64 11154
34 38 5642
49 56 12
89 48 27185
58 32 1663
75 40 23961
62 77 24123
19 55 4713
55 6 23266
7 24 15606
61 94 18304
42 16 24061
80 94 31357
40 18 13130
35 71 22856
84 68 14986
24 32 15371
9 31 4215
47 14 200
90 65 27305
47 59 23212
23 49 29868
43 22 21893
75 35 2347
39 67 28305
41 84 9804
18 30 23335
80 73 10392
75 16 27369
29 36 23041
76 94 13950
88 99 19172
0 22 16948
9 15 5130
37 61 1034
6 35 28946
81 51 14654
56 45 2404
36 82 17424
40 51 37
94 17 20878
19 70 30953
78 77 9361
11 60 1157
88 40 12737
15 68 19526
52 68 9177
56 80 11251
68 76 19305
12 22 102
84 90 16319
41 18 29598
63 23 7880
84 39 20636
37 60 30720
15 56 14441
69 20 4813
12 46 16145
33 93 31451
96 92 21118
41 17 7503
56 15 9840
98 57 22509
81 63 2066
21 26 14216
66 50 16592
73 60 21838
18 66 25466
50 14 23251
33 31 20449
45 47 17131
98 24 14446
82 10 425
66 94 21082
47 14 26661
80 88 25756
2 95 26841
3 37 29346
46 40 26539
11 10 5999
45 52 3335
75 55 6845
72 12 13716
15 0 11553
28 36 8295
97 10 22904
6 1 31680
36 87 26878
0 37 29881
80 40 1239
93 36 2159
91 58 6906
61 45 5511
87 49 17854
10 8 8994
73 79 31862
52 0 3741
5 4 30942
80 6 25521
27 88 20558
32 23 6857
27 11 4322
68 41 26541
40 80 4645
77 32 14036
17 32 26074
76 65 504
78 62 16628
78 31 21696
54 30 7655
11 36 16545
3 2 4304
96 43 11074
71 7 6952
24 44 25860
57 81 4091
90 75 23938
78 48 6883
57 31 10786
41 50 2862
21 31 30481
12 54 29175
98 44 30013
48 79 15653
51 98 30762
80 26 4737
42 75 19639
32 56 5482
33 98 28205
97 64 18125
99 23 12588
97 55 8805
83 87 21592
30 60 19838
73 1 13517
42 55 27300
36 88 14535
36 61 17153
99 4 27903
42 43 16743
92 94 25006
0 90 1070
12 68 6708
42 70 25198
0 49 28372
97 62 30271
39 56 8712
57 3 24838
23 65 13138
81 39 24566
98 75 14239
10 43 13905
83 2 17293
44 53 16394
93 89 20029
21 49 31445
24 23 29553
84 48 19665
47 73 12838
85 22 5959
51 64 16623
31 83 2355
56 94 25527
45 57 30873
22 17 26296
57 39 6862
68 12 4293
56 45 4929
98 69 4922
98 36 19813
39 36 18485
30 93 16843
21 67 32731
36 74 28558
26 55 17371
40 20 19105
58 19 25716
94 7 29851
9 14 25752
58 45 6424
30 37 784
84 47 1992
73 69 15534
96 92 30142
16 34 18405
23 37 31910
80 74 17510
42 38 18915
51 4 14738
7 96 18631
51 32 5348
97 93 14949
47 56 13723
67 81 29354
8 69 17737
6 64 9664
38 61 13601
54 87 8681
69 28 17930
67 71 20821
84 19 5605
56 35 15520
12 29 22159
21 54 20985
73 67 9087
52 25 15903
95 66 28943
79 46 31680
45 93 23770
11 27 13012
85 79 18603
89 27 25866
49 87 12786
63 89 1394
38 65 13768
17 44 18639
97 0 13777
42 69 2405
52 28 11440
33 88 21543
41 62 199
85 68 28282
24 54 6764
66 46 11036
40 88 16104
49 9 2506
0 86 17371
68 51 12467
82 67 9931
59 61 8167
68 89 790
62 7 24119
65 70 21632
10 6 7241
86 43 32520
79 72 13768
51 20 17618
98 96 25082
44 45 14664
77 2 7204
26 57 27838
83 73 8576
73 6 3641
33 76 9652
13 88 10546
24 61 24587
18 87 868
0 3 8922
89 23 777
73 45 7135
26 80 21
4 53 30584
34 88 839
17 80 14850
4 92 19507
30 75 2500
67 27 5008
61 83 10537
98 50 29028
7 30 21578
39 60 9966
73 32 26080
93 45 23137
33 86 26433
26 7 9924
36 26 19449
25 33 19606
24 69 25874
64 49 24588
87 95 24886
34 80 6141
57 67 17957
9 57 27864
49 94 1337
36 13 6459
90 30 28654
57 75 22023
98 10 12971
15 6 27131
66 65 27448
0 48 26950
64 95 15786
40 11 23434
15 87 17840
65 42 32585
29 59 15224
77 73 6068
29 5 27316
11 62 11850
66 52 32609
96 25 989
20 25 32604
61 59 9410
60 89 22765
53 22 16994
9 1 3529
35 1 10343
22 43 32583
81 17 28209
93 40 2989
48 50 30053
59 73 21995
68 7 27815
76 73 2075
21 24 31200
96 5 30358
63 10 29097
85 96 3216
50 92 10664
44 65 11370
70 40 4613
81 17 32064
92 73 26174
74 13 19552
96 72 10
80 92 1189
75 21 14087
75 18 5875
29 39 20069
5 49 22085
9 95 19919
9 0 3850
76 3 21821
54 32 21699
63 61 4992
76 67 29221
90 26 5522
21 66 26408
43 8 14626
31 32 15819
30 73 14034
78 20 2418
5 88 2326
81 34 28210
53 5 31421
61 12 25694
38 7 29838
89 23 25135
64 38 17274
24 26 30833
87 84 6479
83 37 4193
0 83 2041
12 1 10316
38 81 15274
77 23 31129
81 6 21130
33 39 11824
63 24 28856
4 53 1163
26 72 9662
4 77 18639
40 57 29909
11 38 11962
80 71 25469
78 87 11093
25 60 27230
40 88 16032
58 7 4712
70 19 31926
14 41 31918
13 69 25373
8 74 7537
53 51 29241
6 30 9045
19 32 27682
43 63 27064
44 0 20805
50 40 410
4 92 2205
76 65 24231
70 8 25706
69 98 7731
99 19 13735
27 40 15440
60 20 12210
29 9 28483
55 54 19179
38 48 23557
61 8 28713
34 55 30356
28 3 20569
39 37 14136
78 83 12970
5 25 27157
1 47 2315
39 10 20629
47 70 3563
64 58 9365
33 81 24439
83 25 23389
58 90 19403
65 27 23233
18 64 7894
3 56 15621
52 46 26553
49 71 21595
32 83 18561
17 79 6157
77 33 2294
49 92 13061
91 75 21559
19 36 16943
51 91 21086
8 35 24886
76 49 8095
97 64 31699
48 71 1247
35 69 23562
40 41 2799
1 41 13419
68 87 8886
43 19 20696
56 76 17574
75 41 2886
66 52 12533
7 90 18571
16 72 16901
12 33 9629
97 92 12223
34 96 30668
97 67 15822
41 27 25301
55 60 26618
33 15 7654
37 68 1814
39 90 7411
73 11 28219
89 30 17885
74 71 29515
3 41 12639
30 97 1774
65 28 17865
50 61 16259
43 24 19933
28 50 22468
22 65 6263
53 68 27911
37 0 15816
56 52 4706
12 58 27970
83 81 25887
90 96 13200
16 55 1094
33 8 2605
76 25 28703
98 51 19061
6 76 14332
11 1 23621
42 61 19378
11 0 15493
59 20 4993
91 99 21045
86 17 27749
55 88 2258
57 10 8183
80 15 23850
22 37 13942
58 4 1528
65 79 26250
41 72 13289
66 13 14813
67 99 7374
40 61 3746
47 12 13357
76 27 15771
19 21 10091
9 74 10569
41 87 32326
53 66 9793
79 12 12380
26 77 21982
64 8 9966
17 78 964
34 6 3619
59 37 11258
30 60 7022
69 78 21120
86 68 5874
35 90 5794
62 97 5105
4 41 15241
37 29 26792
61 93 3246
86 38 12327
71 80 24633
20 54 267
14 12 21113
16 44 6686
78 43 31990
63 85 8775
20 90 12489
29 28 19292
91 67 28482
72 12 16295
71 70 19713
3 6 20544
35 51 27401
82 35 28306
41 22 3716
93 98 9626
16 26 27430
12 17 6087
76 66 15723
85 14 3207
85 4 10550
90 7 25820
79 98 18027
94 63 28818
28 35 10400
90 50 9716
57 53 20480
22 59 15368
86 72 8420
47 51 11199
54 55 3294
90 75 13979
67 82 21283
55 8 20919
26 10 30616
88 68 19002
0 71 5871
22 9 13464
36 39 25489
40 72 18991
33 85 10836
18 54 20768
58 97 3875
70 6 6265
43 91 4390
80 27 1800
22 55 8974
62 22 17771
2 8 3980
51 98 15426
20 18 19234
10 15 1413
67 27 3020
0 84 7283
69 34 21552
45 69 6546
28 36 25432
23 99 12467
40 78 31533
1 75 1282
41 70 32537
48 54 19331
43 13 22951
98 96 11913
14 18 13051
45 70 1294
85 63 7021
47 0 18167
20 67 13497
46 4 17315
98 91 27001
89 66 4698
97 63 13801
32 47 3186
99 90 13857
54 60 28497
22 57 27977
78 44 6278
86 96 22141
57 43 14514
28 80 6988
85 43 27139
0 86 5403
11 64 23904
15 3 21983
20 8 23968
33 40 10721
59 90 19045
70 97 10112
32 46 29799
76 88 17217
77 45 854
23 79 19841
29 47 20906
36 75 3235
32 18 1256
32 24 8601
73 29 10568
83 11 24079
59 64 19917
75 33 31403
35 87 6689
65 73 281
50 71 10708
42 33 4314
79 75 12502
84 98 13209
56 76 7862
23 92 26692
50 81 2486
38 55 8572
41 59 23325
46 5 27862
45 96 15950
37 72 19872
25 95 13550
44 71 6922
7 4 7386
45 94 5805
34 0 4269
70 52 28798
64 72 10589
92 53 10640
48 57 19626
31 80 22830
21 54 18257
82 69 20535
17 20 17202
12 8 1224
11 37 2299
15 90 9355
64 51 14836
92 87 13902
61 20 6643
46 26 25518
43 97 27313
7 58 27122
92 86 4334
28 26 23926
29 9 4391
80 61 27949
34 24 13517
68 56 15400
23 22 10814
58 29 17697
63 87 235
52 3 8313
73 38 20595
90 48 32561
26 97 29858
8 64 19905
36 79 24965
88 72 18397
28 74 31262
14 76 25217
10 94 22878
47 26 25570
56 77 28774
74 78 22807
65 30 3651
34 57 26513
79 21 9383
47 42 19647
12 6 14911
27 11 18543
14 49 18114
70 95 16077
66 59 32204
66 59 9486
92 40 9496
85 57 22568
93 65 18371
47 42 24362
3 62 15253
43 18 25354
26 37 20102
36 2 25607
61 66 25082
63 79 30966
26 50 1643
34 38 16137
96 24 9583
54 30 8440
61 65 16746
17 3 21140
46 81 6472
93 78 23076
61 2 25610
41 15 21286
53 30 25186
89 40 94
62 32 9914
49 53 20598
0 5 24762
80 83 1567
77 13 11048
28 1 6255
61 39 16936
56 39 12748
68 1 19300
23 66 23539
83 48 3004
56 77 19302
15 36 10566
45 59 10613
61 44 3782
55 68 17246
23 81 16876
45 3 10808
3 77 4081
33 31 25250
11 24 27762
92 39 5238
6 82 19610
60 51 2533
58 25 15602
59 36 2766
93 63 31350
3 60 3118
17 90 1982
42 29 5363
65 18 7523
98 50 28835
7 44 220
58 92 7570
10 34 20365
63 55 10134
97 89 13250
54 37 8579
10 90 22468
45 4 32464
80 8 20306
32 87 31795
94 24 10780
46 64 24861
59 89 536
19 47 32081
88 87 11975
19 40 11543
42 63 25282
90 34 13239
64 2 27438
87 56 12086
4 72 8415
92 67 6554
69 47 26965
23 1 2840
39 97 31196
94 28 3573
2 99 31088
16 19 8205
6 22 11835
69 67 18226
69 74 10688
73 9 13541
70 79 29460
4 73 11034
76 97 4275
40 59 30461
30 23 7121
1 59 14334
94 87 17724
99 64 6279
4 15 30757
48 41 27430
11 93 8558
68 17 6681
67 3 8781
31 54 20602
91 22 11103
24 84 2937
11 17 14730
12 43 10094
4 2 16443
51 57 20390
73 23 17630
44 4 18738
47 53 23975
62 73 12329
40 14 14853
40 21 15386
56 79 9560
33 80 19357
69 83 25782
10 18 8266
64 42 30450
87 49 11132
6 45 10779
57 77 24998
16 56 15397
78 4 3372
71 41 29940
26 89 19884
22 57 3129
67 25 15991
64 96 3143
15 61 18947
66 45 26032
24 69 25553
81 87 25921
96 53 26737
20 28 19714
43 57 19726
73 69 26375
18 35 17813
92 17 8626
26 32 25247
61 85 17083
33 83 9150
27 17 12181
78 72 5477
43 79 30790
61 96 22761
69 24 19971
56 8 23116
33 49 24880
64 56 19150
41 79 23190
20 88 2171
99 55 20979
7 3 14893
47 65 22564
75 80 25790
10 72 30110
63 23 26970
58 80 28153
58 82 1587
42 3 16302
59 60 27142
11 61 17241
24 65 51
72 45 4136
3 36 7760
74 91 29493
38 92 32130
1 23 26106
21 25 14603
24 32 5164
37 23 14522
58 46 15251
4 56 18768
77 72 4292
89 32 32245
69 66 27072
91 48 7495
64 11 19432
60 52 8633
54 96 11465
51 92 2097
60 58 19877
13 68 6440
18 92 10188
40 70 22457
60 73 29728
17 86 8039
24 94 600
32 33 1148
77 66 25819
62 61 5198
57 22 31821
73 52 27094
22 12 14888
98 20 81
86 30 5106
80 3 4334
48 71 10477
59 14 27054
16 55 6743
22 70 23299
68 32 6809
81 90 26328
24 89 20973
34 56 5880
11 8 30565
95 64 6690
78 0 29539
39 34 19998
12 73 7375
6 32 687
3 22 13506
12 92 21569
7 70 15444
10 13 20120
34 66 11979
85 3 26356
16 67 7789
59 49 6751
99 60 15504
57 73 26656
34 5 1483
84 31 18835
40 42 12625
69 1 32714
2 55 11989
2 30 25796
72 58 152
6 99 12580
91 2 10082
39 97 10409
20 53 13463
38 54 11991
27 69 31410
88 10 12943
90 32 20160
95 82 31374
78 13 28082
92 91 30213
92 98 28326
37 32 7110
62 70 18289
10 9 26565
27 54 23315
50 17 31188
79 33 25052
45 12 2532
61 54 18793
27 52 9526
16 22 32449
74 92 17724
44 22 32573
16 75 7198
82 53 7426
33 9 15385
98 81 10801
67 63 22075
76 93 18969
44 90 547
8 77 2577
78 34 9162
15 83 11211
73 65 25995
63 85 18737
59 49 11229
94 84 15920
71 22 13689
10 24 7941
12 34 5610
33 41 482
0 25 12724
6 48 6401
54 44 10902
10 87 5764
32 14 3987
98 57 9651
25 33 30659
40 67 32118
40 60 16419
49 79 15902
89 51 17367
40 42 214
11 40 25496
21 62 18776
80 79 23630
69 0 31417
77 94 5625
81 68 5734
20 86 2945
83 55 30890
4 61 262
27 26 2134
14 65 16824
67 55 30562
84 63 24429
99 95 20638
76 23 15726
5 4 13001
86 68 23853
91 77 21428
91 60 16100
22 86 17965
70 23 330
20 22 5101
97 29 4840
71 59 6337
43 41 3249
11 19 16027
81 17 229
49 26 21080
84 9 31341
88 11 14177
67 62 26670
83 12 21602
1 48 3339
55 86 15832
66 69 6279
78 40 29478
48 71 5450
44 10 2407
51 74 12788
44 15 27457
9 38 24070
53 75 30559
20 86 26523
57 19 30587
78 82 19422
74 69 24953
32 22 25515
73 91 9632
17 60 31505
63 44 3799
76 95 18361
43 83 30947
25 84 30346
64 26 18638
34 50 29706
75 17 24292
46 48 15452
88 34 1947
85 64 17903
36 72 1988
57 79 9777
28 22 5590
36 56 29158
39 35 13615
73 63 8959
63 42 18848
65 58 3058
5 95 10406
68 8 9483
97 5 15121
56 60 23095
75 83 15632
78 66 35
22 99 9184
72 15 19928
65 92 30595
51 78 13335
91 35 21587
20 84 15893
60 97 6991
11 37 24440
14 34 26985
74 92 16799
13 49 3403
18 28 22164
1 40 12358
1 85 16958
41 18 4708
59 15 6832
7 13 25310
94 62 9894
61 49 13666
50 0 11655
87 75 10725
81 9 11925
47 8 24572
35 14 32003
25 90 4085
31 51 23856
93 7 29470
0 35 25402
59 40 20992
82 12 3487
55 54 27257
40 19 30379
24 54 14585
27 20 3558
27 14 22348
2 62 9914
58 72 26813
28 46 23558
83 70 15985
18 48 24680
57 85 20551
22 71 24916
94 97 9642
43 57 14166
2 5 10004
61 97 18456
55 98 23597
33 19 20219
86 55 9170
74 12 18281
31 54 19052
84 60 36
92 1 22608
97 73 327
16 60 21801
85 76 30381
96 71 24226
3 58 20217
42 46 8122
95 84 17277
69 27 17298
29 26 6056
89 64 14744
81 99 7879
68 41 23119
38 93 3388
28 77 814
70 97 22142
67 47 25936
14 94 27511
49 36 21983
42 61 9497
17 74 16520
61 16 5455
28 88 15192
51 20 27784
51 24 30928
2 30 11407
33 51 16407
94 67 4469
23 1 31888
63 38 32688
48 61 11580
72 31 29375
87 71 20911
40 20 27124
47 37 13710
11 99 14643
32 69 31933
58 23 452
28 99 25040
98 29 2351
47 75 23198
8 19 7139
79 1 15525
80 58 27604
56 2 25398
98 59 25319
97 24 27240
67 77 31822
24 62 13132
85 67 9847
58 65 8681
13 23 17879
20 68 201
94 96 20023
38 76 16279
15 54 27540
87 82 27336
87 4 29873
19 4 22598
99 67 12515
70 3 10639
48 4 10183
61 76 32206
6 96 3299
15 11 3790
81 21 12892
22 19 2531
5 35 5444
45 60 21014
65 42 23357
48 61 2869
38 12 19537
43 29 26011
31 8 17749
41 11 12491
73 23 7738
79 39 20270
15 11 23824
47 68 20379
8 50 6566
8 37 16756
99 27 32527
44 55 24174
11 10 12152
28 24 29035
83 17 17421
24 48 1011
32 93 1505
58 27 25631
38 87 7697
77 58 4897
63 83 10918
67 47 12456
94 21 13013
6 28 4561
0 71 12466
1 87 29287
22 78 8053
75 23 9626
22 20 1246
47 96 15854
59 43 23292
85 51 4282
63 34 17528
2 18 31891
71 81 20365
4 67 23959
44 12 10204
84 93 7668
46 36 32721
32 72 31845
2 96 8959
9 88 22644
70 16 2670
24 83 22300
39 47 22885
71 56 11737
24 72 10640
22 82 23379
15 65 17299
54 47 23577
43 48 23912
22 46 20272
14 83 18980
37 73 20835
26 81 16104
22 65 26514
40 34 32558
56 23 28529
98 92 30396
0 47 2940
22 8 4566
84 37 10764
14 37 5259
7 37 28868
55 68 22577
6 22 19679
70 21 17006
54 6 32253
48 56 2910
16 17 29824
71 18 4273
97 87 7585
75 80 4576
92 82 1723
61 71 21960
53 41 28290
76 31 29760
9 66 13857
93 28 24212
71 72 32114
17 77 22499
28 36 23761
12 51 27350
60 29 29745
49 60 7208
8 89 14981
4 67 12787
32 92 27031
87 28 30150
1 86 25055
70 84 27625
68 8 16129
57 95 9315
85 75 24820
80 24 6801
48 31 14080
66 37 7799
23 54 28952
20 72 3862
14 28 12607
47 62 20323
28 93 14828
56 2 26549
71 3 14261
58 2 17356
8 88 29606
12 91 438
67 79 18699
14 67 24637
27 43 29855
97 7 7082
67 15 3151
0 17 32252
15 7 30241
48 21 9190
80 99 23002
98 87 2604
48 14 7282
42 55 28479
36 95 17791
69 87 804
10 84 3611
29 10 5460
21 20 1392
34 86 27414
60 54 5964
90 26 11129
23 92 10486
50 70 3471
0 91 15715
59 4 6011
49 14 29885
24 83 16538
85 40 9334
25 83 5057
52 19 2343
86 59 9548
77 47 24018
72 9 1004
93 47 23638
48 15 23668
37 19 22843
67 24 10273
56 26 24870
1 14 14853
54 31 2184
58 8 11166
72 36 3694
33 67 20934
27 2 6525
34 92 23164
49 54 17016
29 84 18743
86 75 25064
44 40 2752
99 54 16061
83 17 6853
10 13 23039
65 98 1192
20 98 14309
67 61 13873
3 74 16631
25 8 30259
83 96 13822
89 83 10813
24 28 18408
90 66 15857
48 29 16634
72 80 17305
45 39 24288
54 79 6412
13 56 5486
26 79 19724
42 84 69
4 97 151
62 57 23945
57 9 23782
2 5 5743
82 84 16917
63 6 10834
66 46 23460
20 51 22405
27 98 8012
8 33 10533
45 16 12261
14 13 13207
68 77 332
22 34 20848
92 67 15244
23 86 12540
9 74 2745
8 78 1705
19 81 5686
99 37 21230
66 26 5472
17 52 27282
68 63 12510
24 39 26211
73 49 26361
84 15 23472
75 43 20174
44 29 20781
38 65 10553
97 84 23560
17 92 32712
53 63 16212
44 52 28955
6 82 23580
25 92 1909
32 33 19123
34 74 24943
89 44 9765
42 73 24077
21 80 30929
27 58 13474
40 91 26001
74 25 13895
17 90 11009
90 58 14799
97 8 1727
38 10 13442
98 42 23740
21 0 4358
24 30 27384
88 97 17205
44 50 19517
98 18 13019
61 79 11441
2 78 12436
1 99 26974
87 6 3890
7 83 28671
56 9 387
18 63 9906
7 23 20297
73 63 31579
28 67 9663
10 48 2274
57 31 1798
19 65 5270
56 83 31050
46 77 4172
73 74 24962
61 51 24094
16 59 16150
66 52 22745
96 58 5333
98 16 12402
33 70 245
68 30 3102
20 92 10530
36 20 11235
97 99 192
47 95 438
1 13 24294
51 8 32396
96 82 9926
90 39 10718
94 17 16508
63 79 6803
59 33 6519
9 78 7762
11 32 10996
42 63 22689
23 2 27216
67 79 30054
97 86 23061
34 87 17054
64 68 1033
92 39 13159
78 1 17328
43 80 689
47 35 17917
6 97 30259
44 52 20007
28 62 12919
37 0 30937
67 80 14102
36 39 11836
18 45 1666
50 73 2184
61 21 16104
56 97 30749
81 23 4628
69 37 12125
86 1 10339
53 10 12208
26 83 7964
44 71 32385
73 62 3273
5 61 25627
37 91 22128
3 79 28575
13 57 14006
65 51 8855
32 71 13388
24 45 27598
83 79 30530
65 88 19573
3 94 1291
26 6 29631
89 84 31066
80 50 7280
70 29 26148
38 68 21798
94 15 12128
14 89 26421
33 17 1895
14 9 6509
76 16 14080
83 70 25392
15 69 10359
32 90 6551
86 11 20308
50 99 920
37 68 3722
50 45 25457
71 98 15675
22 5 12989
64 16 28256
48 33 23551
93 1 14838
12 99 30608
24 91 1665
21 89 19237
21 96 18435
1 7 21106
67 5 26042
22 59 15508
82 25 2621
22 11 23873
38 55 6617
72 73 25079
28 43 31028
6 94 31392
41 63 17063
49 65 25182
56 10 4810
35 67 8326
53 61 17702
52 46 17130
18 92 24590
39 41 2569
22 0 6923
97 78 21690
18 7 27997
0 28 23659
79 11 31358
31 90 21525
2 65 4277
15 12 2917
98 18 21008
64 67 9431
2 69 6748
5 19 2226
71 88 21756
2 11 22560
9 67 19377
80 68 2783
55 26 10059
31 27 2036
73 69 10396
6 45 492
79 16 29258
82 28 24709
15 77 20068
69 54 32348
55 62 13743
43 61 12923
93 18 5379
11 88 17100
72 8 14286
86 13 1523
51 9 16018
66 35 32554
3 73 25407
57 14 7925
18 96 9900
58 86 27077
81 94 10665
57 51 8683
29 46 14680
61 35 17507
21 68 18895
6 70 16481
41 91 2870
18 74 24483
65 99 17627
48 85 27134
85 91 32493
30 48 14485
29 28 3817
18 33 15810
9 55 9172
64 16 3223
9 28 18134
89 75 14209
85 44 14814
71 59 32626
96 77 330
85 93 21919
69 79 1739
54 52 12213
1 72 29443
54 25 13068
83 49 26764
84 45 21840
60 65 1635
78 73 20866
72 52 20725
4 36 18035
73 88 10300
45 13 4094
27 9 5802
10 13 32424
42 88 22490
18 46 2428
19 36 18243
30 16 1071
6 80 18002
80 70 22518
11 38 26305
41 58 18329
53 39 4361
36 80 30622
79 85 18485
23 63 22951
93 21 25478
1 74 18010
45 93 27565
52 91 4964
30 16 3196
4 48 23423
38 2 3426
2 6 3200
65 49 21010
58 55 13266
86 17 21023
22 57 31727
10 27 4469
94 54 28091
1 23 15604
17 90 24258
51 82 30112
3 75 4555
39 31 23068
6 17 325
87 64 20841
30 77 9072
33 67 19242
33 64 18009
64 17 26831
41 65 30198
85 9 8314
46 65 18706
41 93 13699
36 24 449
93 7 11223
22 2 13460
15 64 8143
32 69 12599
86 40 1821
30 1 14189
59 74 5847
57 41 591
14 72 25837
86 71 13654
76 40 6985
5 3 28541
53 49 10970
17 76 23010
98 5 25456
46 71 89
85 52 23227
4 14 23720
46 69 14095
84 94 2160
8 66 17088
40 41 4846
96 52 13107
15 30 20240
51 77 23278
42 1 25498
8 80 8276
70 15 19023
29 94 6871
80 53 3160
33 82 14002
19 64 14685
88 30 17309
65 68 9228
94 90 27886
73 18 10762
16 0 23080
15 54 1658
30 4 11495
93 36 13722
88 94 19878
67 59 5427
22 45 2775
73 77 200
66 97 1603
38 31 31170
56 50 23213
75 6 19223
63 73 22569
82 2 21783
39 70 16300
8 44 6496
31 24 5818
70 13 2099
60 39 4676
14 40 18328
37 44 17420
49 52 532
51 7 14384
3 52 3553
17 49 6309
13 21 16099
3 76 19152
95 89 17620
45 67 24440
60 94 25691
26 89 10183
10 94 29964
78 3 25118
84 59 10108
90 9 18392
63 60 32245
16 30 24920
43 39 26480
39 65 30717
70 22 24534
60 92 21957
56 19 10685
53 94 20681
36 16 29981
97 20 29919
3 59 25516
40 44 2047
39 47 9961
28 71 13883
91 68 15609
5 62 30834
36 45 16056
89 61 24067
2 67 24297
2 74 12770
64 82 3566
54 73 15498
11 28 19795
23 31 28616
42 89 19442
49 11 19839
20 29 5240
48 6 28610
43 39 21697
51 84 24299
31 95 2141
23 13 32343
90 5 31437
39 33 25548
81 10 26211
36 11 30397
48 21 31442
61 88 3038
81 8 25279
31 7 9930
45 33 506
35 93 28329
80 64 11827
43 15 1050
53 84 8756
74 59 5579
15 92 28689
92 4 7809
5 98 20689
46 72 29318
50 66 28786
79 41 31666
81 64 19295
25 65 2700
7 42 28337
76 54 18480
30 82 32458
45 58 26633
27 72 24622
89 6 2421
51 8 19632
8 84 6385
70 32 4928
88 71 15713
24 10 19203
30 60 18827
85 52 29307
53 76 4837
6 83 23013
0 80 17982
40 5 25635
38 3 10223
30 84 11199
49 15 28826
66 42 495
51 29 30872
84 37 7075
2 46 29609
41 52 9474
46 47 27531
58 61 28131
2 33 17271
33 1 550
14 95 10168
42 57 22258
74 15 13279
72 86 21066
67 35 7993
16 13 25721
10 93 12951
30 86 17213
90 83 31620
44 31 9405
80 98 19794
46 36 20061
37 26 5255
28 88 20269
49 72 14620
79 53 20641
49 66 19920
57 76 5245
5 74 11237
2 61 31139
50 89 30297
61 27 9739
49 11 7945
34 0 26712
64 49 11038
4 40 30894
4 46 9823
14 66 29652
87 4 19769
32 27 23766
64 73 918
76 48 28817
28 43 17123
6 4 29689
5 86 21454
94 24 12540
50 63 30890
91 45 24384
68 49 13173
43 82 3392
91 94 7924
80 40 4973
27 49 29796
21 87 32342
20 33 24499
55 9 32271
60 87 16954
29 71 6220
9 41 2154
91 0 26601
27 99 20727
7 5 28629
60 36 25695
58 59 16543
68 76 29148
28 54 14098
13 54 17185
81 40 16290
14 54 10881
53 43 7582
47 99 26429
36 5 1629
93 18 10806
68 26 16351
82 43 22844
27 87 12191
45 39 14750
17 32 12682
44 28 23263
24 87 30795
7 23 138
13 51 28535
23 55 30365
74 58 27966
32 84 15891
30 51 17575
27 58 26461
82 69 19073
57 51 20218
48 99 28306
25 73 21616
40 53 30639
66 37 7747
15 56 3254
40 6 7633
89 47 19880
18 60 23567
49 57 10076
16 70 13471
39 62 4470
82 57 5818
33 23 22956
16 25 15322
97 8 20607
56 40 4661
24 56 27379
78 73 27997
19 23 2540
2 12 31140
27 47 25394
61 6 32539
8 93 20824
11 52 18235
38 2 26347
66 36 1181
42 79 22204
33 73 32341
92 63 26151
95 26 2235
62 18 32666
44 57 5077
84 75 27339
76 62 23450
10 66 32104
3 95 8385
74 40 4636
67 18 20709
39 58 3390
16 13 15131
56 5 32143
28 41 27215
67 27 19651
37 71 4354
70 68 18133
49 25 10824
98 93 20564
61 21 8714
25 64 17190
22 91 2814
92 27 26230
0 78 13015
17 67 8653
8 44 21910
6 19 13438
18 58 22272
66 42 12787
14 52 21931
93 90 6270
21 81 11554
19 70 23472
64 36 9479
43 88 31858
1 9 10562
51 53 6223
59 60 2976
79 71 1706
4 75 2408
20 63 30176
17 53 12245
48 9 21370
59 61 20600
14 87 23422
27 41 24925
87 48 8167
79 26 18533
77 22 22067
15 67 21317
67 21 19324
54 61 25090
71 36 16170
75 71 6664
48 59 6382
37 88 17566
34 49 13525
95 28 17808
41 25 15809
39 26 6343
62 45 2279
43 75 24776
76 52 1312
4 27 10572
30 16 10033
16 67 26733
96 45 22616
23 2 20007
15 25 24254
4 90 25876
65 67 3994
7 68 14510
99 50 26929
64 87 29820
95 63 1777
9 97 3321
60 49 18509
84 89 2193
17 85 16786
50 46 22658
75 21 21811
75 92 12555
17 69 15710
99 39 9253
97 58 15225
16 68 20298
94 58 21681
51 70 1758
46 22 13781
1 96 6278
90 41 22908
36 23 27688
35 58 31897
85 90 22988
39 46 27929
99 34 7834
8 74 6939
37 68 1438
12 82 24791
92 39 10532
70 20 32353
60 69 14280
3 94 7616
98 83 29834
81 75 10512
5 19 19332
5 84 8109
47 83 23840
9 14 14486
86 11 24529
83 57 20364
26 47 15558
56 96 10134
92 60 26128
45 60 18672
88 0 9510
80 4 31124
1 12 5856
8 55 22233
43 50 17965
94 0 15329
93 51 26938
28 73 13252
80 25 15559
2 95 1991
5 10 26575
21 19 22774
96 41 17886
52 76 25511
15 61 1126
65 84 7593
8 0 1546
38 16 22026
10 75 11168
74 22 11782
67 90 32207
60 89 1525
4 18 17149
90 89 16673
40 76 1108
0 47 3426
90 76 14473
77 9 27168
70 35 27505
43 75 25226
49 7 19083
38 99 7455
98 67 7686
79 8 5858
19 34 13040
25 10 10956
41 46 26247
34 32 30296
13 6 11251
8 9 21059
10 11 23750
13 24 719
55 53 14865
87 49 1323
13 94 1791
71 67 2007
99 61 26411
10 20 14865
9 39 31273
95 59 17072
23 79 23292
0 41 26883
10 69 1402
24 57 23169
64 95 31934
21 56 3696
99 82 13627
76 95 9429
99 18 2583
59 49 20543
26 84 14541
79 27 29269
82 27 20297
77 65 8493
0 38 30716
97 69 24524
87 77 27802
45 61 32363
35 4 25474
26 56 26455
49 22 21760
56 22 9079
37 36 19678
56 77 11755
58 1 29200
94 63 20538
27 42 20823
27 25 18700
9 48 6440
30 25 32099
42 25 9290
4 64 30923
47 20 15835
94 12 6914
13 42 17595
66 18 4608
15 91 3484
40 28 13672
8 28 27163
57 26 5321
94 67 24750
81 35 7229
20 9 13398
52 84 11074
45 9 11339
99 84 26594
6 29 27424
59 52 3205
94 93 25106
81 87 30984
77 17 22655
76 36 32740
57 33 26806
36 82 20112
70 50 2716
50 21 31845
59 67 6628
76 16 19877
78 86 2246
50 65 8318
94 16 29044
83 72 22552
43 26 18375
20 71 32273
99 53 22995
2 9 19707
32 21 26986
91 7 30378
1 83 16816
82 99 20352
47 8 4940
76 52 9207
7 69 26341
70 85 28690
70 55 26850
41 16 2183
52 21 679
30 20 5044
53 2 29898
44 52 1223
97 57 17137
58 59 13722
61 0 3414
21 8 19513
95 44 15661
35 90 24326
77 25 86
96 44 22261
50 64 17956
25 4 29028
47 58 4645
39 71 2917
65 73 23335
67 12 7847
53 66 7158
16 34 7228
7 38 2174
59 30 11237
37 62 21855
30 65 22199
94 30 30993
29 46 23088
4 8 5413
81 38 23831
46 3 6996
50 73 4536
55 4 5450
27 91 2398
44 78 1911
72 79 11038
48 11 1620
52 21 29768
60 42 4814
92 8 29466
42 45 32223
61 17 23692
48 70 15486
55 94 17487
63 57 3173
21 22 27220
59 36 24424
94 50 21357
33 30 1612
56 63 2809
61 44 21850
16 75 2441
43 61 19504
80 31 24834
11 32 30579
61 68 2232
58 25 7793
84 67 1119
25 74 10199
96 21 14066
0 2 18432
99 71 3809
35 47 20628
65 40 27428
64 49 11365
21 15 12541
93 13 978
32 44 6294
3 67 1300
97 60 19138
31 23 10561
56 89 5247
53 48 23025
95 38 17687
64 76 25791
67 85 20966
99 2 289
27 84 10040
65 26 8777
21 76 12219
92 15 12818
29 34 9330
49 36 29476
12 99 13621
30 83 30669
83 26 7709
27 23 10315
92 79 22637
38 10 3706
52 25 21978
60 68 22042
11 19 11067
95 25 30771
79 23 19470
37 41 11579
18 49 2641
47 58 21773
36 62 1694
27 41 21713
57 46 10901
63 69 19044
37 60 15339
65 37 12771
44 23 8386
52 17 1382
88 51 7696
87 9 18443
83 1 16193
98 72 9441
66 13 16986
57 43 8030
40 60 26180
32 63 5713
52 11 24840
58 39 23453
38 70 8740
24 97 12836
77 65 26948
86 34 28829
92 46 13308
82 29 9040
99 87 9568
53 54 8179
74 86 24710
15 97 26135
12 19 27476
33 30 11236
3 98 8500
39 36 27160
79 48 5495
5 59 27531
5 58 5010
78 79 9114
84 97 16253
64 88 11339
46 58 17115
82 96 6164
35 41 945
52 34 3191
91 88 10201
38 0 12799
43 9 13427
35 94 15167
37 11 31489
78 71 26591
50 23 19955
12 22 18910
22 18 13517
79 21 655
0 54 7214
93 50 31233
61 15 22620
4 30 3788
21 74 20777
88 20 13689
57 72 25673
94 1 17924
43 38 1901
11 86 6948
39 9 1480
92 97 31328
95 51 27842
53 79 19736
39 0 27142
35 12 21006
99 0 4399
74 47 27665
36 34 18881
39 5 24020
69 95 5681
93 63 27677
19 71 2853
69 80 22225
42 97 14905
43 88 11909
94 33 5609
13 72 3989
49 4 31851
27 75 3326
64 83 13738
51 68 25700
65 80 21653
0 58 16911
55 56 9862
14 69 14022
13 73 15214
47 34 23237
45 10 10236
63 43 16466
63 76 32527
71 84 7573
99 32 12803
47 63 18619
56 25 8118
81 96 4753
63 68 10344
91 40 2842
90 83 12473
52 15 6350
52 23 10348
40 73 22141
81 1 31175
36 91 13588
0 22 19613
11 30 13744
94 48 21606
5 65 1479
45 89 756
33 40 10827
5 24 425
18 66 2069
36 19 20784
63 7 18172
43 20 29744
7 75 6752
22 6 9074
36 79 13589
36 77 19045
69 51 26605
88 44 280
63 82 29016
49 54 29940
24 29 10702
49 45 17373
63 28 19457
37 57 17803
34 54 26893
53 69 11569
4 27 30741
48 85 25043
1 59 11801
84 56 30165
52 66 13801
68 55 22189
2 27 18804
44 57 13243
18 20 25844
16 26 18353
88 60 8605
20 9 12828
63 93 2265
10 23 30435
27 78 12859
22 25 6105
7 96 3503
48 37 8375
18 53 10379
98 93 30742
17 30 22419
49 44 26695
89 35 18700
51 93 10517
1 6 26992
89 7 20435
64 25 2663
10 88 32079
88 62 12044
43 40 31097
20 46 4516
61 92 15064
69 61 13910
45 91 11317
3 48 31626
18 27 27892
32 93 25582
90 18 22810
74 30 8022
0 35 27637
84 20 28405
7 44 7377
6 78 13984
70 43 14167
6 18 12310
83 44 31059
20 16 5769
42 72 32285
83 85 4053
76 43 17378
88 7 26153
11 9 29037
21 35 8214
81 76 845
72 7 32311
2 91 15722
85 91 11504
90 95 14948
21 6 24057
30 99 17489
87 8 20658
45 33 23224
2 80 24942
15 2 30678
55 54 22326
39 79 23447
48 77 9402
57 22 27840
54 71 31845
2 57 12614
30 9 16593
25 30 1219
73 80 21003
12 69 8320
49 90 19815
35 44 19101
54 78 22748
12 99 10799
30 92 21526
60 85 23667
91 81 6341
8 74 2921
83 53 8400
82 37 109
0 47 17527
87 5 3501
10 31 7048
22 16 16271
31 38 13361
72 95 9054
80 79 5915
14 72 8922
79 49 17357
80 68 3200
78 79 16772
79 41 28323
92 75 24589
99 76 32689
74 15 8512
33 26 30770
48 86 20262
65 9 4969
44 55 19453
49 88 29086
79 50 141
62 89 25461
18 97 17034
82 20 18407
55 47 28673
18 4 11953
49 41 7675
44 60 28500
68 15 26584
8 87 26884
9 36 31258
17 58 14863
27 24 11918
92 1 32161
23 90 18710
25 89 5374
56 37 27530
41 70 15739
29 42 31846
88 1 18147
36 11 20275
51 13 13833
34 52 12029
61 10 9990
50 95 18480
63 7 7695
89 40 7402
82 90 31762
40 85 2466
77 67 4081
73 27 16610
74 57 17908
97 88 6434
44 52 1360
98 81 25969
10 77 5974
0 26 18053
11 3 18096
7 82 11674
40 28 19054
41 90 7351
21 15 25555
40 27 26654
48 46 10024
36 94 27420
74 7 1791
13 45 22137
10 36 13979
37 41 2346
36 26 9103
64 52 21537
36 11 28586
25 93 12359
37 51 19391
86 89 23042
64 20 10489
96 67 2016
6 73 14772
96 6 6708
64 58 31762
68 41 16330
37 56 22473
19 90 12286
92 94 1495
17 68 21724
63 89 21537
62 33 8207
84 18 12331
89 94 23500
9 27 2921
24 33 9467
83 94 28891
74 99 28233
5 43 22252
72 45 1011
43 91 10706
22 73 5722
31 21 2525
79 58 26056
27 0 5756
11 52 21494
65 11 10720
76 15 28706
94 83 29306
95 34 6371
47 10 11993
18 81 6908
92 28 17800
22 94 22227
63 67 22008
64 3 32355
70 81 170
81 72 31676
69 9 21508
96 38 5231
93 82 22685
58 37 30839
57 40 29415
52 1 11136
32 54 2428
42 75 11676
58 56 26234
1 36 1213
19 42 28593
14 11 23196
17 66 25746
13 58 23242
75 13 8734
65 49 27423
89 34 19530
85 4 19656
59 68 31116
21 49 16031
46 2 26770
42 83 27026
46 74 12627
69 4 17988
56 54 6648
4 88 22325
3 75 3403
90 21 5378
6 42 29621
20 90 21167
29 49 12529
33 28 15857
54 88 6138
56 3 20807
11 85 24232
46 4 1559
13 43 9701
2 85 23515
91 27 22591
43 64 15984
13 4 9433
45 14 3725
81 75 16289
86 29 9527
89 23 5839
42 81 15368
9 94 487
99 38 4095
42 70 32742
59 16 6112
44 18 16989
46 25 26690
11 90 24996
2 20 12002
49 70 14967
81 74 23506
52 91 12175
11 91 27295
72 18 27157
22 21 5762
24 69 18957
32 96 27701
99 32 5115
74 60 28943
82 10 7037
79 72 19040
1 79 17035
5 62 16724
60 81 13205
19 36 32449
14 3 20676
20 77 14253
80 67 31997
74 40 3693
19 58 13183
47 11 30123
61 84 26925
79 26 14777
90 57 32487
39 56 18937
57 41 11907
51 92 16196
33 62 25657
83 57 15758
91 28 29864
62 38 32324
88 70 9149
94 92 24083
30 19 2851
36 88 1044
24 30 12036
69 51 29079
15 93 1598
27 50 20734
18 58 30563
82 2 32624
68 66 24088
95 9 24645
72 15 9391
88 66 23156
70 33 27659
76 2 16246
30 56 12345
68 30 6232
28 15 25152
23 41 16623
59 96 8204
11 60 8808
36 73 6543
23 96 5551
21 12 24165
69 92 19304
87 31 20892
33 75 23136
3 53 26995
34 59 5832
36 80 16174
86 83 25505
50 87 22351
11 7 7439
70 57 1234
41 62 21912
71 65 27198
60 85 14721
21 77 29104
14 62 21176
43 81 19807
67 22 17348
8 76 29049
98 18 2138
50 48 13028
91 47 26673
83 24 4729
15 81 689
71 54 863
36 94 29353
3 72 10406
35 59 4610
16 84 11790
48 77 31444
14 70 12993
35 2 24710
70 1 6128
63 54 15296
55 52 24204
71 67 23121
26 93 26261
10 51 16479
13 55 10167
19 1 31348
97 14 11816
78 96 6214
58 37 6153
39 30 5716
82 34 20153
50 44 4260
81 94 5330
86 66 17225
71 53 3279
38 64 11648
0 83 26000
59 67 12922
71 74 12589
90 46 24374
54 59 24543
0 24 7927
83 32 15331
71 78 12339
85 13 25765
52 92 10775
11 47 30360
32 45 26352
7 78 6782
11 66 16916
27 79 29206
84 18 22572
94 27 4453
87 71 28388
25 37 15126
7 68 25965
48 35 15268
30 28 8537
33 88 21068
2 48 25528
37 27 26621
86 9 24699
78 98 13238
59 53 26254
80 25 10521
35 77 28965
83 67 31008
96 14 11050
36 73 22064
24 79 21470
7 33 25595
67 48 8186
23 93 4345
39 37 13561
85 81 23135
14 60 17498
3 16 31956
95 23 10991
15 38 9053
80 9 23703
31 2 4917
16 11 24315
67 91 28297
4 61 13859
21 75 16723
7 38 31735
63 98 29383
57 25 30740
78 1 15121
28 66 32630
10 62 12373
38 23 15330
69 82 12076
74 10 18722
87 65 8729
39 8 27233
23 16 18598
14 69 1110
74 51 27179
20 73 6396
35 27 10609
61 19 18431
20 78 17829
73 95 27670
81 39 25870
13 23 6219
10 18 23706
56 31 2698
37 21 31272
0 94 9427
95 68 23343
55 83 4676
15 62 21798
64 65 15859
5 46 3735
85 61 2501
65 74 30055
42 27 15851
8 13 30425
85 62 13573
81 62 11813
50 46 21032
1 13 17611
51 70 9525
98 74 3049
33 18 5944
99 70 30767
87 0 23511
24 9 12882
38 29 1521
77 92 27659
44 17 19712
73 92 11782
28 52 7644
15 40 27976
26 27 19691
48 94 30455
72 28 30951
8 37 14222
83 92 13506
75 26 7898
79 51 13387
11 94 29790
59 47 19112
52 85 26597
50 72 23226
62 73 6256
61 2 14601
52 54 16328
93 28 15309
55 63 15182
60 93 8485
65 64 23277
17 62 23724
43 17 17713
70 15 5338
20 56 27634
26 58 28158
92 35 3867
92 35 946
65 43 13158
68 2 29459
90 23 20788
99 33 26412
90 52 25539
28 45 1615
14 37 31593
66 16 14926
50 85 5548
61 41 26329
61 92 21571
60 66 2154
87 54 18535
64 94 15236
7 19 31236
7 63 7983
82 23 10909
85 56 14077
72 77 8712
97 35 12276
70 64 10064
87 1 2357
83 71 12889
22 7 27712
38 70 29468
63 98 18961
66 25 4499
83 93 27036
43 80 5553
80 72 18768
24 91 18682
38 22 22684
22 18 11152
42 24 28604
36 27 21720
19 23 23339
2 49 23556
15 92 7571
29 53 16156
69 72 1558
42 88 16228
58 73 12855
39 63 24624
43 26 23004
40 10 12678
2 61 10517
89 91 25114
17 67 16051
5 83 19590
81 90 30674
60 4 25046
6 66 20445
3 27 1976
62 38 6588
96 3 19186
56 47 556
91 57 14058
76 57 29807
88 52 18794
67 88 29139
45 61 26078
65 60 454
99 29 28100
66 21 25455
48 29 19463
69 40 27396
12 38 24431
79 25 17493
23 0 21634
71 35 322
10 23 14680
68 74 13853
76 52 30294
33 21 16155
45 69 27854
93 66 29038
83 48 22768
86 77 16278
95 86 18072
84 7 3083
52 42 216
14 61 22099
87 40 29267
3 92 28189
88 48 184
1 68 13561
86 56 6160
38 32 706
10 39 27279
43 60 18911
71 64 28717
29 76 28631
79 32 32049
63 19 17400
45 10 26995
67 64 24833
90 69 18946
21 13 26628
15 98 15728
63 30 12801
75 72 20211
46 50 8948
95 6 3862
46 81 15474
23 72 1251
60 37 21794
83 65 4537
7 37 14752
79 47 13352
9 36 24544
71 73 9061
3 94 20523
78 60 26151
2 88 24723
54 82 26036
6 16 24073
21 17 7395
19 41 7405
86 51 10594
88 58 10547
3 84 29878
74 76 4714
31 89 30621
89 55 10824
79 83 5599
81 23 3214
82 52 2485
59 40 32097
4 51 7498
52 11 10083
32 20 22023
58 21 5430
50 69 2209
46 95 31282
53 82 24107
83 31 3185
24 45 29076
51 63 26240
50 92 10843
94 13 12626
0 72 9316
86 78 18251
16 61 7718
15 77 10115
9 8 23990
1 95 31878
22 0 4694
83 30 15421
28 37 15253
78 58 3793
45 13 24606
82 52 18587
2 83 11719
83 90 26493
74 61 18823
83 20 15933
41 70 29012
37 46 22719
60 78 27420
86 6 14881
1 81 25428
48 9 29234
71 46 8916
17 35 14781
40 62 14072
98 49 23954
49 67 6207
59 30 20064
76 53 23259
38 83 16310
92 71 20980
62 33 27337
25 35 6538
3 28 22990
11 1 1081
79 36 9992
55 50 16721
21 62 26334
36 93 1268
94 63 5781
1 58 24391
6 87 29051
13 79 4305
22 8 3246
62 46 22939
57 97 7620
57 22 19892
70 26 27381
78 7 29984
20 94 9122
18 23 13921
69 75 22089
33 32 4631
78 75 30018
65 79 23401
4 24 28131
72 20 11323
48 33 19923
70 61 9559
81 56 24757
73 92 27154
8 32 9340
13 71 1051
2 63 31998
57 4 18290
54 10 16288
13 33 14262
3 19 5681
70 88 10065
47 85 25685
95 64 7718
1 6 23816
26 58 22736
58 29 24097
29 72 12948
88 89 1507
10 99 23434
42 58 23286
52 51 10683
90 69 22886
35 34 28441
53 25 22384
90 55 22427
68 1 2897
71 56 14826
30 80 5965
0 22 19038
9 92 29601
58 9 4930
97 4 26157
88 57 18058
37 59 1512
10 18 15503
37 67 7306
95 92 4200
32 97 8937
52 56 5619
99 89 9465
70 52 11956
36 53 8311
48 24 6669
42 62 2912
53 41 10955
48 3 209
63 30 20855
98 80 14030
22 6 12504
73 19 17542
24 96 1702
88 53 6714
33 25 14703
73 52 8543
28 57 6129
41 86 27310
59 94 15256
50 86 13027
97 58 711
80 78 4646
80 60 26545
10 27 13128
75 72 32487
89 80 18271
31 21 13551
8 14 24420
75 15 1147
59 92 14560
98 72 26391
56 33 11219
37 22 16496
64 65 5961
31 15 2168
44 42 14185
44 11 4887
3 37 2779
62 4 5163
5 37 9945
68 23 29953
5 37 24648
13 71 19598
78 61 21926
27 80 24086
24 61 30908
52 44 31230
89 32 2122
43 46 2807
42 98 18731
35 67 3539
68 28 2981
56 67 15510
87 33 29917
21 2 26017
40 28 28072
1 6 19986
52 8 20278
38 82 10924
75 39 15169
99 90 15575
72 86 20681
19 14 2475
56 79 28553
73 71 32502
